8.007374e-01 7.989600e-01 7.936513e-01 7.848817e-01 7.727669e-01 7.574651e-01 7.391738e-01 7.181253e-01 6.945824e-01 6.688321e-01 6.411804e-01 6.119461e-01 5.814547e-01 5.500326e-01 5.180012e-01 4.856718e-01 4.533408e-01 4.212855e-01 3.897607e-01 3.589959e-01 3.291930e-01 3.005256e-01 2.731381e-01 2.471456e-01 2.226349e-01 1.996656e-01 1.782721e-01 1.584649e-01 1.402338e-01 1.235498e-01 1.083680e-01 9.463028e-02 8.226761e-02 7.120287e-02 6.135301e-02 5.263129e-02 4.494920e-02 3.821816e-02 3.235098e-02 2.726307e-02 2.287346e-02 1.910552e-02 1.588751e-02 1.315293e-02 1.084074e-02 8.895389e-03 7.266762e-03 5.909990e-03 4.785225e-03 3.857339e-03 3.095587e-03 2.473250e-03 1.967265e-03 1.557856e-03 1.228180e-03 9.639757e-04 7.532517e-04 5.859816e-04 4.538346e-04 3.499299e-04 2.686175e-04 0.000000e+00 0.000000e+00 0.000000e+00 0.000000e+00 0.000000e+00 0.000000e+00 0.000000e+00 0.000000e+00 0.000000e+00 0.000000e+00 0.000000e+00 0.000000e+00 0.000000e+00 0.000000e+00 0.000000e+00 0.000000e+00 0.000000e+00 0.000000e+00 0.000000e+00
8.352702e-01 8.334161e-01 8.278785e-01 8.187308e-01 8.060935e-01 7.901317e-01 7.710516e-01 7.490954e-01 7.245372e-01 6.976763e-01 6.688321e-01 6.383370e-01 6.065307e-01 5.737534e-01 5.403406e-01 5.066170e-01 4.728917e-01 4.394540e-01 4.065697e-01 3.744780e-01 3.433898e-01 3.134862e-01 2.849175e-01 2.578040e-01 2.322363e-01 2.082765e-01 1.859603e-01 1.652989e-01 1.462815e-01 1.288780e-01 1.130415e-01 9.871133e-02 8.581550e-02 7.427358e-02 6.399893e-02 5.490108e-02 4.688770e-02 3.986637e-02 3.374615e-02 2.843883e-02 2.385991e-02 1.992947e-02 1.657267e-02 1.372016e-02 1.130826e-02 9.279014e-03 7.580150e-03 6.164866e-03 4.991594e-03 4.023691e-03 3.229088e-03 2.579912e-03 2.052105e-03 1.625041e-03 1.281146e-03 1.005548e-03 7.857367e-04 6.112527e-04 4.734068e-04 3.650211e-04 2.802019e-04 0.000000e+00 0.000000e+00 0.000000e+00 0.000000e+00 0.000000e+00 0.000000e+00 0.000000e+00 0.000000e+00 0.000000e+00 0.000000e+00 0.000000e+00 0.000000e+00 0.000000e+00 0.000000e+00 0.000000e+00 0.000000e+00 0.000000e+00 0.000000e+00 0.000000e+00
8.674285e-01 8.655030e-01 8.597522e-01 8.502522e-01 8.371285e-01 8.205522e-01 8.007374e-01 7.779359e-01 7.524322e-01 7.245372e-01 6.945824e-01 6.629133e-01 6.298823e-01 5.958432e-01 5.611440e-01 5.261220e-01 4.910982e-01 4.563732e-01 4.222228e-01 3.888956e-01 3.566105e-01 3.255555e-01 2.958870e-01 2.677296e-01 2.411775e-01 2.162952e-01 1.931198e-01 1.716630e-01 1.519134e-01 1.338399e-01 1.173937e-01 1.025118e-01 8.911944e-02 7.713314e-02 6.646292e-02 5.701480e-02 4.869289e-02 4.140124e-02 3.504539e-02 2.953373e-02 2.477853e-02 2.069677e-02 1.721073e-02 1.424839e-02 1.174363e-02 9.636260e-03 7.871989e-03 6.402216e-03 5.183772e-03 4.178605e-03 3.353409e-03 2.679240e-03 2.131113e-03 1.687606e-03 1.330471e-03 1.044262e-03 8.159878e-04 6.347863e-04 4.916331e-04 3.790745e-04 2.909898e-04 0.000000e+00 0.000000e+00 0.000000e+00 0.000000e+00 0.000000e+00 0.000000e+00 0.000000e+00 0.000000e+00 0.000000e+00 0.000000e+00 0.000000e+00 0.000000e+00 0.000000e+00 0.000000e+00 0.000000e+00 0.000000e+00 0.000000e+00 0.000000e+00 0.000000e+00
8.968301e-01 8.948393e-01 8.888935e-01 8.790717e-01 8.655030e-01 8.483649e-01 8.278785e-01 8.043042e-01 7.779359e-01 7.490954e-01 7.181253e-01 6.853828e-01 6.512323e-01 6.160393e-01 5.801640e-01 5.439549e-01 5.077441e-01 4.718420e-01 4.365340e-01 4.020772e-01 3.686979e-01 3.365903e-01 3.059161e-01 2.768043e-01 2.493522e-01 2.236266e-01 1.996656e-01 1.774815e-01 1.570626e-01 1.383764e-01 1.213728e-01 1.059864e-01 9.214015e-02 7.974758e-02 6.871568e-02 5.894732e-02 5.034334e-02 4.280454e-02 3.623326e-02 3.053478e-02 2.561840e-02 2.139829e-02 1.779409e-02 1.473134e-02 1.214168e-02 9.962882e-03 8.138811e-03 6.619220e-03 5.359477e-03 4.320240e-03 3.467073e-03 2.770053e-03 2.203347e-03 1.744807e-03 1.375568e-03 1.079658e-03 8.436458e-04 6.563024e-04 5.082971e-04 3.919233e-04 3.008530e-04 0.000000e+00 0.000000e+00 0.000000e+00 0.000000e+00 0.000000e+00 0.000000e+00 0.000000e+00 0.000000e+00 0.000000e+00 0.000000e+00 0.000000e+00 0.000000e+00 0.000000e+00 0.000000e+00 0.000000e+00 0.000000e+00 0.000000e+00 0.000000e+00 0.000000e+00
9.231163e-01 9.210672e-01 9.149472e-01 9.048374e-01 8.908711e-01 8.732306e-01 8.521438e-01 8.278785e-01 8.007374e-01 7.710516e-01 7.391738e-01 7.054715e-01 6.703200e-01 6.340956e-01 5.971687e-01 5.598984e-01 5.226262e-01 4.856718e-01 4.493290e-01 4.138622e-01 3.795045e-01 3.464558e-01 3.148825e-01 2.849175e-01 2.566608e-01 2.301811e-01 2.055179e-01 1.826835e-01 1.616661e-01 1.424322e-01 1.249302e-01 1.090929e-01 9.484080e-02 8.208500e-02 7.072975e-02 6.067508e-02 5.181892e-02 4.405915e-02 3.729527e-02 3.142976e-02 2.636928e-02 2.202548e-02 1.831564e-02 1.516312e-02 1.249756e-02 1.025490e-02 8.377362e-03 6.813230e-03 5.516564e-03 4.446866e-03 3.568694e-03 2.851244e-03 2.267927e-03 1.795948e-03 1.415886e-03 1.111303e-03 8.683733e-04 6.755388e-04 5.231954e-04 4.034106e-04 3.096710e-04 0.000000e+00 0.000000e+00 0.000000e+00 0.000000e+00 0.000000e+00 0.000000e+00 0.000000e+00 0.000000e+00 0.000000e+00 0.000000e+00 0.000000e+00 0.000000e+00 0.000000e+00 0.000000e+00 0.000000e+00 0.000000e+00 0.000000e+00 0.000000e+00 0.000000e+00
9.459594e-01 9.438597e-01 9.375882e-01 9.272282e-01 9.129162e-01 8.948393e-01 8.732306e-01 8.483649e-01 8.205522e-01 7.901317e-01 7.574651e-01 7.229289e-01 6.869075e-01 6.497867e-01 6.119461e-01 5.737534e-01 5.355589e-01 4.976901e-01 4.604479e-01 4.241035e-01 3.888956e-01 3.550291e-01 3.226745e-01 2.919680e-01 2.630120e-01 2.358771e-01 2.106036e-01 1.872042e-01 1.656666e-01 1.459568e-01 1.280217e-01 1.117925e-01 9.718770e-02 8.411624e-02 7.248002e-02 6.217653e-02 5.310121e-02 4.514942e-02 3.821816e-02 3.220751e-02 2.702181e-02 2.257051e-02 1.876887e-02 1.553835e-02 1.280682e-02 1.050866e-02 8.584665e-03 6.981828e-03 5.653075e-03 4.556907e-03 3.657004e-03 2.921800e-03 2.324049e-03 1.840390e-03 1.450923e-03 1.138803e-03 8.898617e-04 6.922554e-04 5.361422e-04 4.133933e-04 3.173341e-04 0.000000e+00 0.000000e+00 0.000000e+00 0.000000e+00 0.000000e+00 0.000000e+00 0.000000e+00 0.000000e+00 0.000000e+00 0.000000e+00 0.000000e+00 0.000000e+00 0.000000e+00 0.000000e+00 0.000000e+00 0.000000e+00 0.000000e+00 0.000000e+00 0.000000e+00
9.650691e-01 9.629269e-01 9.565287e-01 9.459594e-01 9.313584e-01 9.129162e-01 8.908711e-01 8.655030e-01 8.371285e-01 8.060935e-01 7.727669e-01 7.375330e-01 7.007840e-01 6.629133e-01 6.243082e-01 5.853440e-01 5.463779e-01 5.077441e-01 4.697496e-01 4.326710e-01 3.967518e-01 3.622012e-01 3.291930e-01 2.978661e-01 2.683252e-01 2.406421e-01 2.148580e-01 1.909859e-01 1.690133e-01 1.489054e-01 1.306079e-01 1.140508e-01 9.915102e-02 8.581550e-02 7.394420e-02 6.343257e-02 5.417393e-02 4.606150e-02 3.899022e-02 3.285815e-02 2.756768e-02 2.302646e-02 1.914803e-02 1.585224e-02 1.306553e-02 1.072095e-02 8.758087e-03 7.122871e-03 5.767275e-03 4.648963e-03 3.730880e-03 2.980824e-03 2.370998e-03 1.877568e-03 1.480233e-03 1.161808e-03 9.078382e-04 7.062399e-04 5.469730e-04 4.217444e-04 3.237446e-04 0.000000e+00 0.000000e+00 0.000000e+00 0.000000e+00 0.000000e+00 0.000000e+00 0.000000e+00 0.000000e+00 0.000000e+00 0.000000e+00 0.000000e+00 0.000000e+00 0.000000e+00 0.000000e+00 0.000000e+00 0.000000e+00 0.000000e+00 0.000000e+00 0.000000e+00
9.801987e-01 9.780229e-01 9.715244e-01 9.607894e-01 9.459594e-01 9.272282e-01 9.048374e-01 8.790717e-01 8.502522e-01 8.187308e-01 7.848817e-01 7.490954e-01 7.117703e-01 6.733059e-01 6.340956e-01 5.945206e-01 5.549436e-01 5.157040e-01 4.771139e-01 4.394540e-01 4.029717e-01 3.678795e-01 3.343538e-01 3.025358e-01 2.725318e-01 2.444147e-01 2.182264e-01 1.939800e-01 1.716630e-01 1.512398e-01 1.326555e-01 1.158388e-01 1.007054e-01 8.716085e-02 7.510344e-02 6.442702e-02 5.502322e-02 4.678361e-02 3.960148e-02 3.337327e-02 2.799987e-02 2.338745e-02 1.944822e-02 1.610076e-02 1.327036e-02 1.088902e-02 8.895389e-03 7.234537e-03 5.857690e-03 4.721846e-03 3.789370e-03 3.027555e-03 2.408168e-03 1.907003e-03 1.503439e-03 1.180022e-03 9.220705e-04 7.173117e-04 5.555480e-04 4.283562e-04 3.288200e-04 0.000000e+00 0.000000e+00 0.000000e+00 0.000000e+00 0.000000e+00 0.000000e+00 0.000000e+00 0.000000e+00 0.000000e+00 0.000000e+00 0.000000e+00 0.000000e+00 0.000000e+00 0.000000e+00 0.000000e+00 0.000000e+00 0.000000e+00 0.000000e+00 0.000000e+00
9.911505e-01 9.889504e-01 9.823793e-01 9.715244e-01 9.565287e-01 9.375882e-01 9.149472e-01 8.888935e-01 8.597522e-01 8.278785e-01 7.936513e-01 7.574651e-01 7.197230e-01 6.808288e-01 6.411804e-01 6.011631e-01 5.611440e-01 5.214661e-01 4.824447e-01 4.443640e-01 4.074742e-01 3.719898e-01 3.380896e-01 3.059161e-01 2.755768e-01 2.471456e-01 2.206647e-01 1.961474e-01 1.735810e-01 1.529296e-01 1.341376e-01 1.171331e-01 1.018306e-01 8.813471e-02 7.594258e-02 6.514686e-02 5.563800e-02 4.730633e-02 4.004395e-02 3.374615e-02 2.831271e-02 2.364876e-02 1.966551e-02 1.628065e-02 1.341863e-02 1.101069e-02 8.994778e-03 7.315369e-03 5.923138e-03 4.774603e-03 3.831709e-03 3.061382e-03 2.435075e-03 1.928310e-03 1.520237e-03 1.193206e-03 9.323728e-04 7.253264e-04 5.617552e-04 4.331422e-04 3.324939e-04 0.000000e+00 0.000000e+00 0.000000e+00 0.000000e+00 0.000000e+00 0.000000e+00 0.000000e+00 0.000000e+00 0.000000e+00 0.000000e+00 0.000000e+00 0.000000e+00 0.000000e+00 0.000000e+00 0.000000e+00 0.000000e+00 0.000000e+00 0.000000e+00 0.000000e+00
9.977803e-01 9.955654e-01 9.889504e-01 9.780229e-01 9.629269e-01 9.438597e-01 9.210672e-01 8.948393e-01 8.655030e-01 8.334161e-01 7.989600e-01 7.625318e-01 7.245372e-01 6.853828e-01 6.454692e-01 6.051843e-01 5.648974e-01 5.249541e-01 4.856718e-01 4.473364e-01 4.101997e-01 3.744780e-01 3.403510e-01 3.079623e-01 2.774201e-01 2.487987e-01 2.221407e-01 1.974594e-01 1.747420e-01 1.539525e-01 1.350349e-01 1.179166e-01 1.025118e-01 8.872423e-02 7.645056e-02 6.558263e-02 5.601016e-02 4.762276e-02 4.031180e-02 3.397188e-02 2.850209e-02 2.380695e-02 1.979705e-02 1.638955e-02 1.350839e-02 1.108434e-02 9.054943e-03 7.364301e-03 5.962757e-03 4.806540e-03 3.857339e-03 3.081859e-03 2.451363e-03 1.941209e-03 1.530406e-03 1.201188e-03 9.386094e-04 7.301780e-04 5.655127e-04 4.360395e-04 3.347180e-04 0.000000e+00 0.000000e+00 0.000000e+00 0.000000e+00 0.000000e+00 0.000000e+00 0.000000e+00 0.000000e+00 0.000000e+00 0.000000e+00 0.000000e+00 0.000000e+00 0.000000e+00 0.000000e+00 0.000000e+00 0.000000e+00 0.000000e+00 0.000000e+00 0.000000e+00
1.000000e+00 9.977803e-01 9.911505e-01 9.801987e-01 9.650691e-01 9.459594e-01 9.231163e-01 8.968301e-01 8.674285e-01 8.352702e-01 8.007374e-01 7.642282e-01 7.261490e-01 6.869075e-01 6.469052e-01 6.065307e-01 5.661541e-01 5.261220e-01 4.867522e-01 4.483316e-01 4.111123e-01 3.753111e-01 3.411082e-01 3.086475e-01 2.780373e-01 2.493522e-01 2.226349e-01 1.978987e-01 1.751308e-01 1.542950e-01 1.353353e-01 1.181789e-01 1.027398e-01 8.892161e-02 7.662063e-02 6.572853e-02 5.613476e-02 4.772871e-02 4.040148e-02 3.404745e-02 2.856550e-02 2.385991e-02 1.984110e-02 1.642602e-02 1.353844e-02 1.110900e-02 9.075087e-03 7.380684e-03 5.976023e-03 4.817233e-03 3.865920e-03 3.088715e-03 2.456816e-03 1.945527e-03 1.533811e-03 1.203860e-03 9.406976e-04 7.318024e-04 5.667708e-04 4.370095e-04 3.354626e-04 0.000000e+00 0.000000e+00 0.000000e+00 0.000000e+00 0.000000e+00 0.000000e+00 0.000000e+00 0.000000e+00 0.000000e+00 0.000000e+00 0.000000e+00 0.000000e+00 0.000000e+00 0.000000e+00 0.000000e+00 0.000000e+00 0.000000e+00 0.000000e+00 0.000000e+00
9.977803e-01 9.955654e-01 9.889504e-01 9.780229e-01 9.629269e-01 9.438597e-01 9.210672e-01 8.948393e-01 8.655030e-01 8.334161e-01 7.989600e-01 7.625318e-01 7.245372e-01 6.853828e-01 6.454692e-01 6.051843e-01 5.648974e-01 5.249541e-01 4.856718e-01 4.473364e-01 4.101997e-01 3.744780e-01 3.403510e-01 3.079623e-01 2.774201e-01 2.487987e-01 2.221407e-01 1.974594e-01 1.747420e-01 1.539525e-01 1.350349e-01 1.179166e-01 1.025118e-01 8.872423e-02 7.645056e-02 6.558263e-02 5.601016e-02 4.762276e-02 4.031180e-02 3.397188e-02 2.850209e-02 2.380695e-02 1.979705e-02 1.638955e-02 1.350839e-02 1.108434e-02 9.054943e-03 7.364301e-03 5.962757e-03 4.806540e-03 3.857339e-03 3.081859e-03 2.451363e-03 1.941209e-03 1.530406e-03 1.201188e-03 9.386094e-04 7.301780e-04 5.655127e-04 4.360395e-04 3.347180e-04 0.000000e+00 0.000000e+00 0.000000e+00 0.000000e+00 0.000000e+00 0.000000e+00 0.000000e+00 0.000000e+00 0.000000e+00 0.000000e+00 0.000000e+00 0.000000e+00 0.000000e+00 0.000000e+00 0.000000e+00 0.000000e+00 0.000000e+00 0.000000e+00 0.000000e+00
9.911505e-01 9.889504e-01 9.823793e-01 9.715244e-01 9.565287e-01 9.375882e-01 9.149472e-01 8.888935e-01 8.597522e-01 8.278785e-01 7.936513e-01 7.574651e-01 7.197230e-01 6.808288e-01 6.411804e-01 6.011631e-01 5.611440e-01 5.214661e-01 4.824447e-01 4.443640e-01 4.074742e-01 3.719898e-01 3.380896e-01 3.059161e-01 2.755768e-01 2.471456e-01 2.206647e-01 1.961474e-01 1.735810e-01 1.529296e-01 1.341376e-01 1.171331e-01 1.018306e-01 8.813471e-02 7.594258e-02 6.514686e-02 5.563800e-02 4.730633e-02 4.004395e-02 3.374615e-02 2.831271e-02 2.364876e-02 1.966551e-02 1.628065e-02 1.341863e-02 1.101069e-02 8.994778e-03 7.315369e-03 5.923138e-03 4.774603e-03 3.831709e-03 3.061382e-03 2.435075e-03 1.928310e-03 1.520237e-03 1.193206e-03 9.323728e-04 7.253264e-04 5.617552e-04 4.331422e-04 3.324939e-04 0.000000e+00 0.000000e+00 0.000000e+00 0.000000e+00 0.000000e+00 0.000000e+00 0.000000e+00 0.000000e+00 0.000000e+00 0.000000e+00 0.000000e+00 0.000000e+00 0.000000e+00 0.000000e+00 0.000000e+00 0.000000e+00 0.000000e+00 0.000000e+00 0.000000e+00
9.801987e-01 9.780229e-01 9.715244e-01 9.607894e-01 9.459594e-01 9.272282e-01 9.048374e-01 8.790717e-01 8.502522e-01 8.187308e-01 7.848817e-01 7.490954e-01 7.117703e-01 6.733059e-01 6.340956e-01 5.945206e-01 5.549436e-01 5.157040e-01 4.771139e-01 4.394540e-01 4.029717e-01 3.678795e-01 3.343538e-01 3.025358e-01 2.725318e-01 2.444147e-01 2.182264e-01 1.939800e-01 1.716630e-01 1.512398e-01 1.326555e-01 1.158388e-01 1.007054e-01 8.716085e-02 7.510344e-02 6.442702e-02 5.502322e-02 4.678361e-02 3.960148e-02 3.337327e-02 2.799987e-02 2.338745e-02 1.944822e-02 1.610076e-02 1.327036e-02 1.088902e-02 8.895389e-03 7.234537e-03 5.857690e-03 4.721846e-03 3.789370e-03 3.027555e-03 2.408168e-03 1.907003e-03 1.503439e-03 1.180022e-03 9.220705e-04 7.173117e-04 5.555480e-04 4.283562e-04 3.288200e-04 0.000000e+00 0.000000e+00 0.000000e+00 0.000000e+00 0.000000e+00 0.000000e+00 0.000000e+00 0.000000e+00 0.000000e+00 0.000000e+00 0.000000e+00 0.000000e+00 0.000000e+00 0.000000e+00 0.000000e+00 0.000000e+00 0.000000e+00 0.000000e+00 0.000000e+00
9.650691e-01 9.629269e-01 9.565287e-01 9.459594e-01 9.313584e-01 9.129162e-01 8.908711e-01 8.655030e-01 8.371285e-01 8.060935e-01 7.727669e-01 7.375330e-01 7.007840e-01 6.629133e-01 6.243082e-01 5.853440e-01 5.463779e-01 5.077441e-01 4.697496e-01 4.326710e-01 3.967518e-01 3.622012e-01 3.291930e-01 2.978661e-01 2.683252e-01 2.406421e-01 2.148580e-01 1.909859e-01 1.690133e-01 1.489054e-01 1.306079e-01 1.140508e-01 9.915102e-02 8.581550e-02 7.394420e-02 6.343257e-02 5.417393e-02 4.606150e-02 3.899022e-02 3.285815e-02 2.756768e-02 2.302646e-02 1.914803e-02 1.585224e-02 1.306553e-02 1.072095e-02 8.758087e-03 7.122871e-03 5.767275e-03 4.648963e-03 3.730880e-03 2.980824e-03 2.370998e-03 1.877568e-03 1.480233e-03 1.161808e-03 9.078382e-04 7.062399e-04 5.469730e-04 4.217444e-04 3.237446e-04 0.000000e+00 0.000000e+00 0.000000e+00 0.000000e+00 0.000000e+00 0.000000e+00 0.000000e+00 0.000000e+00 0.000000e+00 0.000000e+00 0.000000e+00 0.000000e+00 0.000000e+00 0.000000e+00 0.000000e+00 0.000000e+00 0.000000e+00 0.000000e+00 0.000000e+00
9.459594e-01 9.438597e-01 9.375882e-01 9.272282e-01 9.129162e-01 8.948393e-01 8.732306e-01 8.483649e-01 8.205522e-01 7.901317e-01 7.574651e-01 7.229289e-01 6.869075e-01 6.497867e-01 6.119461e-01 5.737534e-01 5.355589e-01 4.976901e-01 4.604479e-01 4.241035e-01 3.888956e-01 3.550291e-01 3.226745e-01 2.919680e-01 2.630120e-01 2.358771e-01 2.106036e-01 1.872042e-01 1.656666e-01 1.459568e-01 1.280217e-01 1.117925e-01 9.718770e-02 8.411624e-02 7.248002e-02 6.217653e-02 5.310121e-02 4.514942e-02 3.821816e-02 3.220751e-02 2.702181e-02 2.257051e-02 1.876887e-02 1.553835e-02 1.280682e-02 1.050866e-02 8.584665e-03 6.981828e-03 5.653075e-03 4.556907e-03 3.657004e-03 2.921800e-03 2.324049e-03 1.840390e-03 1.450923e-03 1.138803e-03 8.898617e-04 6.922554e-04 5.361422e-04 4.133933e-04 3.173341e-04 0.000000e+00 0.000000e+00 0.000000e+00 0.000000e+00 0.000000e+00 0.000000e+00 0.000000e+00 0.000000e+00 0.000000e+00 0.000000e+00 0.000000e+00 0.000000e+00 0.000000e+00 0.000000e+00 0.000000e+00 0.000000e+00 0.000000e+00 0.000000e+00 0.000000e+00
9.231163e-01 9.210672e-01 9.149472e-01 9.048374e-01 8.908711e-01 8.732306e-01 8.521438e-01 8.278785e-01 8.007374e-01 7.710516e-01 7.391738e-01 7.054715e-01 6.703200e-01 6.340956e-01 5.971687e-01 5.598984e-01 5.226262e-01 4.856718e-01 4.493290e-01 4.138622e-01 3.795045e-01 3.464558e-01 3.148825e-01 2.849175e-01 2.566608e-01 2.301811e-01 2.055179e-01 1.826835e-01 1.616661e-01 1.424322e-01 1.249302e-01 1.090929e-01 9.484080e-02 8.208500e-02 7.072975e-02 6.067508e-02 5.181892e-02 4.405915e-02 3.729527e-02 3.142976e-02 2.636928e-02 2.202548e-02 1.831564e-02 1.516312e-02 1.249756e-02 1.025490e-02 8.377362e-03 6.813230e-03 5.516564e-03 4.446866e-03 3.568694e-03 2.851244e-03 2.267927e-03 1.795948e-03 1.415886e-03 1.111303e-03 8.683733e-04 6.755388e-04 5.231954e-04 4.034106e-04 3.096710e-04 0.000000e+00 0.000000e+00 0.000000e+00 0.000000e+00 0.000000e+00 0.000000e+00 0.000000e+00 0.000000e+00 0.000000e+00 0.000000e+00 0.000000e+00 0.000000e+00 0.000000e+00 0.000000e+00 0.000000e+00 0.000000e+00 0.000000e+00 0.000000e+00 0.000000e+00
8.968301e-01 8.948393e-01 8.888935e-01 8.790717e-01 8.655030e-01 8.483649e-01 8.278785e-01 8.043042e-01 7.779359e-01 7.490954e-01 7.181253e-01 6.853828e-01 6.512323e-01 6.160393e-01 5.801640e-01 5.439549e-01 5.077441e-01 4.718420e-01 4.365340e-01 4.020772e-01 3.686979e-01 3.365903e-01 3.059161e-01 2.768043e-01 2.493522e-01 2.236266e-01 1.996656e-01 1.774815e-01 1.570626e-01 1.383764e-01 1.213728e-01 1.059864e-01 9.214015e-02 7.974758e-02 6.871568e-02 5.894732e-02 5.034334e-02 4.280454e-02 3.623326e-02 3.053478e-02 2.561840e-02 2.139829e-02 1.779409e-02 1.473134e-02 1.214168e-02 9.962882e-03 8.138811e-03 6.619220e-03 5.359477e-03 4.320240e-03 3.467073e-03 2.770053e-03 2.203347e-03 1.744807e-03 1.375568e-03 1.079658e-03 8.436458e-04 6.563024e-04 5.082971e-04 3.919233e-04 3.008530e-04 0.000000e+00 0.000000e+00 0.000000e+00 0.000000e+00 0.000000e+00 0.000000e+00 0.000000e+00 0.000000e+00 0.000000e+00 0.000000e+00 0.000000e+00 0.000000e+00 0.000000e+00 0.000000e+00 0.000000e+00 0.000000e+00 0.000000e+00 0.000000e+00 0.000000e+00
8.674285e-01 8.655030e-01 8.597522e-01 8.502522e-01 8.371285e-01 8.205522e-01 8.007374e-01 7.779359e-01 7.524322e-01 7.245372e-01 6.945824e-01 6.629133e-01 6.298823e-01 5.958432e-01 5.611440e-01 5.261220e-01 4.910982e-01 4.563732e-01 4.222228e-01 3.888956e-01 3.566105e-01 3.255555e-01 2.958870e-01 2.677296e-01 2.411775e-01 2.162952e-01 1.931198e-01 1.716630e-01 1.519134e-01 1.338399e-01 1.173937e-01 1.025118e-01 8.911944e-02 7.713314e-02 6.646292e-02 5.701480e-02 4.869289e-02 4.140124e-02 3.504539e-02 2.953373e-02 2.477853e-02 2.069677e-02 1.721073e-02 1.424839e-02 1.174363e-02 9.636260e-03 7.871989e-03 6.402216e-03 5.183772e-03 4.178605e-03 3.353409e-03 2.679240e-03 2.131113e-03 1.687606e-03 1.330471e-03 1.044262e-03 8.159878e-04 6.347863e-04 4.916331e-04 3.790745e-04 2.909898e-04 0.000000e+00 0.000000e+00 0.000000e+00 0.000000e+00 0.000000e+00 0.000000e+00 0.000000e+00 0.000000e+00 0.000000e+00 0.000000e+00 0.000000e+00 0.000000e+00 0.000000e+00 0.000000e+00 0.000000e+00 0.000000e+00 0.000000e+00 0.000000e+00 0.000000e+00
8.352702e-01 8.334161e-01 8.278785e-01 8.187308e-01 8.060935e-01 7.901317e-01 7.710516e-01 7.490954e-01 7.245372e-01 6.976763e-01 6.688321e-01 6.383370e-01 6.065307e-01 5.737534e-01 5.403406e-01 5.066170e-01 4.728917e-01 4.394540e-01 4.065697e-01 3.744780e-01 3.433898e-01 3.134862e-01 2.849175e-01 2.578040e-01 2.322363e-01 2.082765e-01 1.859603e-01 1.652989e-01 1.462815e-01 1.288780e-01 1.130415e-01 9.871133e-02 8.581550e-02 7.427358e-02 6.399893e-02 5.490108e-02 4.688770e-02 3.986637e-02 3.374615e-02 2.843883e-02 2.385991e-02 1.992947e-02 1.657267e-02 1.372016e-02 1.130826e-02 9.279014e-03 7.580150e-03 6.164866e-03 4.991594e-03 4.023691e-03 3.229088e-03 2.579912e-03 2.052105e-03 1.625041e-03 1.281146e-03 1.005548e-03 7.857367e-04 6.112527e-04 4.734068e-04 3.650211e-04 2.802019e-04 0.000000e+00 0.000000e+00 0.000000e+00 0.000000e+00 0.000000e+00 0.000000e+00 0.000000e+00 0.000000e+00 0.000000e+00 0.000000e+00 0.000000e+00 0.000000e+00 0.000000e+00 0.000000e+00 0.000000e+00 0.000000e+00 0.000000e+00 0.000000e+00 0.000000e+00
8.007374e-01 7.989600e-01 7.936513e-01 7.848817e-01 7.727669e-01 7.574651e-01 7.391738e-01 7.181253e-01 6.945824e-01 6.688321e-01 6.411804e-01 6.119461e-01 5.814547e-01 5.500326e-01 5.180012e-01 4.856718e-01 4.533408e-01 4.212855e-01 3.897607e-01 3.589959e-01 3.291930e-01 3.005256e-01 2.731381e-01 2.471456e-01 2.226349e-01 1.996656e-01 1.782721e-01 1.584649e-01 1.402338e-01 1.235498e-01 1.083680e-01 9.463028e-02 8.226761e-02 7.120287e-02 6.135301e-02 5.263129e-02 4.494920e-02 3.821816e-02 3.235098e-02 2.726307e-02 2.287346e-02 1.910552e-02 1.588751e-02 1.315293e-02 1.084074e-02 8.895389e-03 7.266762e-03 5.909990e-03 4.785225e-03 3.857339e-03 3.095587e-03 2.473250e-03 1.967265e-03 1.557856e-03 1.228180e-03 9.639757e-04 7.532517e-04 5.859816e-04 4.538346e-04 3.499299e-04 2.686175e-04 0.000000e+00 0.000000e+00 0.000000e+00 0.000000e+00 0.000000e+00 0.000000e+00 0.000000e+00 0.000000e+00 0.000000e+00 0.000000e+00 0.000000e+00 0.000000e+00 0.000000e+00 0.000000e+00 0.000000e+00 0.000000e+00 0.000000e+00 0.000000e+00 0.000000e+00
7.642282e-01 7.625318e-01 7.574651e-01 7.490954e-01 7.375330e-01 7.229289e-01 7.054715e-01 6.853828e-01 6.629133e-01 6.383370e-01 6.119461e-01 5.840447e-01 5.549436e-01 5.249541e-01 4.943832e-01 4.635278e-01 4.326710e-01 4.020772e-01 3.719898e-01 3.426276e-01 3.141836e-01 2.868233e-01 2.606845e-01 2.358771e-01 2.124839e-01 1.905620e-01 1.701438e-01 1.512398e-01 1.338399e-01 1.179166e-01 1.034270e-01 9.031565e-02 7.851666e-02 6.795640e-02 5.855564e-02 5.023159e-02 4.289977e-02 3.647562e-02 3.087595e-02 2.602002e-02 2.183056e-02 1.823442e-02 1.516312e-02 1.255322e-02 1.034646e-02 8.489808e-03 6.935438e-03 5.640527e-03 4.567045e-03 3.681465e-03 2.954445e-03 2.360483e-03 1.877568e-03 1.486827e-03 1.172181e-03 9.200237e-04 7.189076e-04 5.592640e-04 4.331422e-04 3.339750e-04 2.563700e-04 0.000000e+00 0.000000e+00 0.000000e+00 0.000000e+00 0.000000e+00 0.000000e+00 0.000000e+00 0.000000e+00 0.000000e+00 0.000000e+00 0.000000e+00 0.000000e+00 0.000000e+00 0.000000e+00 0.000000e+00 0.000000e+00 0.000000e+00 0.000000e+00 0.000000e+00
7.261490e-01 7.245372e-01 7.197230e-01 7.117703e-01 7.007840e-01 6.869075e-01 6.703200e-01 6.512323e-01 6.298823e-01 6.065307e-01 5.814547e-01 5.549436e-01 5.272924e-01 4.987973e-01 4.697496e-01 4.404317e-01 4.111123e-01 3.820429e-01 3.534547e-01 3.255555e-01 2.985288e-01 2.725318e-01 2.476954e-01 2.241241e-01 2.018965e-01 1.810669e-01 1.616661e-01 1.437040e-01 1.271711e-01 1.120412e-01 9.827358e-02 8.581550e-02 7.460441e-02 6.457034e-02 5.563800e-02 4.772871e-02 4.076220e-02 3.465816e-02 2.933750e-02 2.472353e-02 2.074281e-02 1.732585e-02 1.440759e-02 1.192774e-02 9.830926e-03 8.066787e-03 6.589866e-03 5.359477e-03 4.339483e-03 3.498029e-03 2.807234e-03 2.242868e-03 1.784015e-03 1.412743e-03 1.113775e-03 8.741818e-04 6.830866e-04 5.313976e-04 4.115601e-04 3.173341e-04 2.435959e-04 0.000000e+00 0.000000e+00 0.000000e+00 0.000000e+00 0.000000e+00 0.000000e+00 0.000000e+00 0.000000e+00 0.000000e+00 0.000000e+00 0.000000e+00 0.000000e+00 0.000000e+00 0.000000e+00 0.000000e+00 0.000000e+00 0.000000e+00 0.000000e+00 0.000000e+00
6.869075e-01 6.853828e-01 6.808288e-01 6.733059e-01 6.629133e-01 6.497867e-01 6.340956e-01 6.160393e-01 5.958432e-01 5.737534e-01 5.500326e-01 5.249541e-01 4.987973e-01 4.718420e-01 4.443640e-01 4.166305e-01 3.888956e-01 3.613971e-01 3.343538e-01 3.079623e-01 2.823961e-01 2.578040e-01 2.343098e-01 2.120123e-01 1.909859e-01 1.712819e-01 1.529296e-01 1.359381e-01 1.202987e-01 1.059864e-01 9.296283e-02 8.117799e-02 7.057276e-02 6.108093e-02 5.263129e-02 4.514942e-02 3.855939e-02 3.278521e-02 2.775208e-02 2.338745e-02 1.962186e-02 1.638955e-02 1.362900e-02 1.128315e-02 9.299657e-03 7.630853e-03 6.233746e-03 5.069848e-03 4.104975e-03 3.308994e-03 2.655530e-03 2.121662e-03 1.687606e-03 1.336397e-03 1.053586e-03 8.269405e-04 6.461723e-04 5.026806e-04 3.893191e-04 3.001851e-04 2.304318e-04 0.000000e+00 0.000000e+00 0.000000e+00 0.000000e+00 0.000000e+00 0.000000e+00 0.000000e+00 0.000000e+00 0.000000e+00 0.000000e+00 0.000000e+00 0.000000e+00 0.000000e+00 0.000000e+00 0.000000e+00 0.000000e+00 0.000000e+00 0.000000e+00 0.000000e+00
6.469052e-01 6.454692e-01 6.411804e-01 6.340956e-01 6.243082e-01 6.119461e-01 5.971687e-01 5.801640e-01 5.611440e-01 5.403406e-01 5.180012e-01 4.943832e-01 4.697496e-01 4.443640e-01 4.184863e-01 3.923678e-01 3.662480e-01 3.403510e-01 3.148825e-01 2.900280e-01 2.659507e-01 2.427907e-01 2.206647e-01 1.996656e-01 1.798638e-01 1.613072e-01 1.440236e-01 1.280217e-01 1.132930e-01 9.981424e-02 8.754910e-02 7.645056e-02 6.646292e-02 5.752385e-02 4.956628e-02 4.252012e-02 3.631387e-02 3.087595e-02 2.613593e-02 2.202548e-02 1.847917e-02 1.543510e-02 1.283531e-02 1.062607e-02 8.758087e-03 7.186467e-03 5.870721e-03 4.774603e-03 3.865920e-03 3.116293e-03 2.500884e-03 1.998106e-03 1.589327e-03 1.258572e-03 9.922300e-04 7.787833e-04 6.085421e-04 4.734068e-04 3.666470e-04 2.827037e-04 2.170125e-04 0.000000e+00 0.000000e+00 0.000000e+00 0.000000e+00 0.000000e+00 0.000000e+00 0.000000e+00 0.000000e+00 0.000000e+00 0.000000e+00 0.000000e+00 0.000000e+00 0.000000e+00 0.000000e+00 0.000000e+00 0.000000e+00 0.000000e+00 0.000000e+00 0.000000e+00
6.065307e-01 6.051843e-01 6.011631e-01 5.945206e-01 5.853440e-01 5.737534e-01 5.598984e-01 5.439549e-01 5.261220e-01 5.066170e-01 4.856718e-01 4.635278e-01 4.404317e-01 4.166305e-01 3.923678e-01 3.678795e-01 3.433898e-01 3.191091e-01 2.952302e-01 2.719269e-01 2.493522e-01 2.276377e-01 2.068926e-01 1.872042e-01 1.686381e-01 1.512398e-01 1.350349e-01 1.200316e-01 1.062222e-01 9.358465e-02 8.208500e-02 7.167914e-02 6.231485e-02 5.393369e-02 4.647276e-02 3.986637e-02 3.404745e-02 2.894893e-02 2.450474e-02 2.065082e-02 1.732585e-02 1.447177e-02 1.203423e-02 9.962882e-03 8.211479e-03 6.737947e-03 5.504319e-03 4.476612e-03 3.624641e-03 2.921800e-03 2.344799e-03 1.873401e-03 1.490135e-03 1.180022e-03 9.303032e-04 7.301780e-04 5.705619e-04 4.438606e-04 3.437639e-04 2.650597e-04 2.034684e-04 0.000000e+00 0.000000e+00 0.000000e+00 0.000000e+00 0.000000e+00 0.000000e+00 0.000000e+00 0.000000e+00 0.000000e+00 0.000000e+00 0.000000e+00 0.000000e+00 0.000000e+00 0.000000e+00 0.000000e+00 0.000000e+00 0.000000e+00 0.000000e+00 0.000000e+00
5.661541e-01 5.648974e-01 5.611440e-01 5.549436e-01 5.463779e-01 5.355589e-01 5.226262e-01 5.077441e-01 4.910982e-01 4.728917e-01 4.533408e-01 4.326710e-01 4.111123e-01 3.888956e-01 3.662480e-01 3.433898e-01 3.205305e-01 2.978661e-01 2.755768e-01 2.538248e-01 2.327529e-01 2.124839e-01 1.931198e-01 1.747420e-01 1.574120e-01 1.411718e-01 1.260457e-01 1.120412e-01 9.915102e-02 8.735476e-02 7.662063e-02 6.690749e-02 5.816657e-02 5.034334e-02 4.337909e-02 3.721248e-02 3.178093e-02 2.702181e-02 2.287346e-02 1.927611e-02 1.617248e-02 1.350839e-02 1.123312e-02 9.299657e-03 7.664844e-03 6.289404e-03 5.137898e-03 4.178605e-03 3.383350e-03 2.727296e-03 2.188707e-03 1.748689e-03 1.390937e-03 1.101468e-03 8.683733e-04 6.815703e-04 5.325798e-04 4.143130e-04 3.208797e-04 2.474147e-04 1.899236e-04 0.000000e+00 0.000000e+00 0.000000e+00 0.000000e+00 0.000000e+00 0.000000e+00 0.000000e+00 0.000000e+00 0.000000e+00 0.000000e+00 0.000000e+00 0.000000e+00 0.000000e+00 0.000000e+00 0.000000e+00 0.000000e+00 0.000000e+00 0.000000e+00 0.000000e+00
5.261220e-01 5.249541e-01 5.214661e-01 5.157040e-01 5.077441e-01 4.976901e-01 4.856718e-01 4.718420e-01 4.563732e-01 4.394540e-01 4.212855e-01 4.020772e-01 3.820429e-01 3.613971e-01 3.403510e-01 3.191091e-01 2.978661e-01 2.768043e-01 2.560911e-01 2.358771e-01 2.162952e-01 1.974594e-01 1.794645e-01 1.623862e-01 1.462815e-01 1.311897e-01 1.171331e-01 1.041189e-01 9.214015e-02 8.117799e-02 7.120287e-02 6.217653e-02 5.405367e-02 4.678361e-02 4.031180e-02 3.458122e-02 2.953373e-02 2.511112e-02 2.125611e-02 1.791311e-02 1.502894e-02 1.255322e-02 1.043884e-02 8.642088e-03 7.122871e-03 5.844687e-03 4.774603e-03 3.883140e-03 3.144117e-03 2.534452e-03 2.033945e-03 1.625041e-03 1.292585e-03 1.023585e-03 8.069715e-04 6.333772e-04 4.949216e-04 3.850173e-04 2.981906e-04 2.299203e-04 1.764943e-04 0.000000e+00 0.000000e+00 0.000000e+00 0.000000e+00 0.000000e+00 0.000000e+00 0.000000e+00 0.000000e+00 0.000000e+00 0.000000e+00 0.000000e+00 0.000000e+00 0.000000e+00 0.000000e+00 0.000000e+00 0.000000e+00 0.000000e+00 0.000000e+00 0.000000e+00
4.867522e-01 4.856718e-01 4.824447e-01 4.771139e-01 4.697496e-01 4.604479e-01 4.493290e-01 4.365340e-01 4.222228e-01 4.065697e-01 3.897607e-01 3.719898e-01 3.534547e-01 3.343538e-01 3.148825e-01 2.952302e-01 2.755768e-01 2.560911e-01 2.369278e-01 2.182264e-01 2.001098e-01 1.826835e-01 1.660352e-01 1.502348e-01 1.353353e-01 1.213728e-01 1.083680e-01 9.632764e-02 8.524530e-02 7.510344e-02 6.587476e-02 5.752385e-02 5.000884e-02 4.328280e-02 3.729527e-02 3.199351e-02 2.732372e-02 2.323206e-02 1.966551e-02 1.657267e-02 1.390432e-02 1.161387e-02 9.657698e-03 7.995400e-03 6.589866e-03 5.407329e-03 4.417319e-03 3.592565e-03 2.908843e-03 2.344799e-03 1.881745e-03 1.503439e-03 1.195861e-03 9.469898e-04 7.465858e-04 5.859816e-04 4.578867e-04 3.562065e-04 2.758770e-04 2.127154e-04 1.632872e-04 0.000000e+00 0.000000e+00 0.000000e+00 0.000000e+00 0.000000e+00 0.000000e+00 0.000000e+00 0.000000e+00 0.000000e+00 0.000000e+00 0.000000e+00 0.000000e+00 0.000000e+00 0.000000e+00 0.000000e+00 0.000000e+00 0.000000e+00 0.000000e+00 0.000000e+00
4.483316e-01 4.473364e-01 4.443640e-01 4.394540e-01 4.326710e-01 4.241035e-01 4.138622e-01 4.020772e-01 3.888956e-01 3.744780e-01 3.589959e-01 3.426276e-01 3.255555e-01 3.079623e-01 2.900280e-01 2.719269e-01 2.538248e-01 2.358771e-01 2.182264e-01 2.010012e-01 1.843146e-01 1.682638e-01 1.529296e-01 1.383764e-01 1.246529e-01 1.117925e-01 9.981424e-02 8.872423e-02 7.851666e-02 6.917532e-02 6.067508e-02 5.298334e-02 4.606150e-02 3.986637e-02 3.435145e-02 2.946817e-02 2.516699e-02 2.139829e-02 1.811326e-02 1.526455e-02 1.280682e-02 1.069715e-02 8.895389e-03 7.364301e-03 6.069710e-03 4.980514e-03 4.068648e-03 3.308994e-03 2.679240e-03 2.159718e-03 1.733214e-03 1.384769e-03 1.101468e-03 8.722413e-04 6.876558e-04 5.397284e-04 4.217444e-04 3.280901e-04 2.541012e-04 1.959252e-04 1.503985e-04 0.000000e+00 0.000000e+00 0.000000e+00 0.000000e+00 0.000000e+00 0.000000e+00 0.000000e+00 0.000000e+00 0.000000e+00 0.000000e+00 0.000000e+00 0.000000e+00 0.000000e+00 0.000000e+00 0.000000e+00 0.000000e+00 0.000000e+00 0.000000e+00 0.000000e+00
4.111123e-01 4.101997e-01 4.074742e-01 4.029717e-01 3.967518e-01 3.888956e-01 3.795045e-01 3.686979e-01 3.566105e-01 3.433898e-01 3.291930e-01 3.141836e-01 2.985288e-01 2.823961e-01 2.659507e-01 2.493522e-01 2.327529e-01 2.162952e-01 2.001098e-01 1.843146e-01 1.690133e-01 1.542950e-01 1.402338e-01 1.268888e-01 1.143045e-01 1.025118e-01 9.152793e-02 8.135859e-02 7.199842e-02 6.343257e-02 5.563800e-02 4.858480e-02 4.223760e-02 3.655677e-02 3.149968e-02 2.702181e-02 2.307769e-02 1.962186e-02 1.660954e-02 1.399733e-02 1.174363e-02 9.809103e-03 8.156918e-03 6.752937e-03 5.565819e-03 4.567045e-03 3.730880e-03 3.034290e-03 2.456816e-03 1.980424e-03 1.589327e-03 1.269809e-03 1.010027e-03 7.998302e-04 6.305684e-04 4.949216e-04 3.867323e-04 3.008530e-04 2.330064e-04 1.796600e-04 1.379128e-04 0.000000e+00 0.000000e+00 0.000000e+00 0.000000e+00 0.000000e+00 0.000000e+00 0.000000e+00 0.000000e+00 0.000000e+00 0.000000e+00 0.000000e+00 0.000000e+00 0.000000e+00 0.000000e+00 0.000000e+00 0.000000e+00 0.000000e+00 0.000000e+00 0.000000e+00
3.753111e-01 3.744780e-01 3.719898e-01 3.678795e-01 3.622012e-01 3.550291e-01 3.464558e-01 3.365903e-01 3.255555e-01 3.134862e-01 3.005256e-01 2.868233e-01 2.725318e-01 2.578040e-01 2.427907e-01 2.276377e-01 2.124839e-01 1.974594e-01 1.826835e-01 1.682638e-01 1.542950e-01 1.408584e-01 1.280217e-01 1.158388e-01 1.043505e-01 9.358465e-02 8.355734e-02 7.427358e-02 6.572853e-02 5.790863e-02 5.079284e-02 4.435386e-02 3.855939e-02 3.337327e-02 2.875657e-02 2.466865e-02 2.106800e-02 1.791311e-02 1.516312e-02 1.277839e-02 1.072095e-02 8.954890e-03 7.446583e-03 6.164866e-03 5.081127e-03 4.169330e-03 3.405981e-03 2.770053e-03 2.242868e-03 1.807961e-03 1.450923e-03 1.159229e-03 9.220705e-04 7.301780e-04 5.756562e-04 4.518220e-04 3.530542e-04 2.746536e-04 2.127154e-04 1.640145e-04 1.259029e-04 0.000000e+00 0.000000e+00 0.000000e+00 0.000000e+00 0.000000e+00 0.000000e+00 0.000000e+00 0.000000e+00 0.000000e+00 0.000000e+00 0.000000e+00 0.000000e+00 0.000000e+00 0.000000e+00 0.000000e+00 0.000000e+00 0.000000e+00 0.000000e+00 0.000000e+00
3.411082e-01 3.403510e-01 3.380896e-01 3.343538e-01 3.291930e-01 3.226745e-01 3.148825e-01 3.059161e-01 2.958870e-01 2.849175e-01 2.731381e-01 2.606845e-01 2.476954e-01 2.343098e-01 2.206647e-01 2.068926e-01 1.931198e-01 1.794645e-01 1.660352e-01 1.529296e-01 1.402338e-01 1.280217e-01 1.163548e-01 1.052822e-01 9.484080e-02 8.505608e-02 7.594258e-02 6.750487e-02 5.973855e-02 5.263129e-02 4.616398e-02 4.031180e-02 3.504539e-02 3.033189e-02 2.613593e-02 2.242054e-02 1.914803e-02 1.628065e-02 1.378128e-02 1.161387e-02 9.743926e-03 8.138811e-03 6.767960e-03 5.603048e-03 4.618073e-03 3.789370e-03 3.095587e-03 2.517612e-03 2.038470e-03 1.643198e-03 1.318697e-03 1.053586e-03 8.380403e-04 6.636353e-04 5.231954e-04 4.106465e-04 3.208797e-04 2.496238e-04 1.933302e-04 1.490675e-04 1.144291e-04 0.000000e+00 0.000000e+00 0.000000e+00 0.000000e+00 0.000000e+00 0.000000e+00 0.000000e+00 0.000000e+00 0.000000e+00 0.000000e+00 0.000000e+00 0.000000e+00 0.000000e+00 0.000000e+00 0.000000e+00 0.000000e+00 0.000000e+00 0.000000e+00 0.000000e+00
3.086475e-01 3.079623e-01 3.059161e-01 3.025358e-01 2.978661e-01 2.919680e-01 2.849175e-01 2.768043e-01 2.677296e-01 2.578040e-01 2.471456e-01 2.358771e-01 2.241241e-01 2.120123e-01 1.996656e-01 1.872042e-01 1.747420e-01 1.623862e-01 1.502348e-01 1.383764e-01 1.268888e-01 1.158388e-01 1.052822e-01 9.526326e-02 8.581550e-02 7.696193e-02 6.871568e-02 6.108093e-02 5.405367e-02 4.762276e-02 4.177089e-02 3.647562e-02 3.171038e-02 2.744543e-02 2.364876e-02 2.028694e-02 1.732585e-02 1.473134e-02 1.246981e-02 1.050866e-02 8.816670e-03 7.364301e-03 6.123904e-03 5.069848e-03 4.178605e-03 3.428763e-03 2.801003e-03 2.278029e-03 1.844484e-03 1.486827e-03 1.193206e-03 9.533242e-04 7.582902e-04 6.004820e-04 4.734068e-04 3.715683e-04 2.903439e-04 2.258690e-04 1.749324e-04 1.348819e-04 1.035397e-04 0.000000e+00 0.000000e+00 0.000000e+00 0.000000e+00 0.000000e+00 0.000000e+00 0.000000e+00 0.000000e+00 0.000000e+00 0.000000e+00 0.000000e+00 0.000000e+00 0.000000e+00 0.000000e+00 0.000000e+00 0.000000e+00 0.000000e+00 0.000000e+00 0.000000e+00
2.780373e-01 2.774201e-01 2.755768e-01 2.725318e-01 2.683252e-01 2.630120e-01 2.566608e-01 2.493522e-01 2.411775e-01 2.322363e-01 2.226349e-01 2.124839e-01 2.018965e-01 1.909859e-01 1.798638e-01 1.686381e-01 1.574120e-01 1.462815e-01 1.353353e-01 1.246529e-01 1.143045e-01 1.043505e-01 9.484080e-02 8.581550e-02 7.730474e-02 6.932922e-02 6.190080e-02 5.502322e-02 4.869289e-02 4.289977e-02 3.762826e-02 3.285815e-02 2.856550e-02 2.472353e-02 2.130339e-02 1.827498e-02 1.560756e-02 1.327036e-02 1.123312e-02 9.466463e-03 7.942275e-03 6.633945e-03 5.516564e-03 4.567045e-03 3.764191e-03 3.088715e-03 2.523213e-03 2.052105e-03 1.661557e-03 1.339371e-03 1.074870e-03 8.587781e-04 6.830866e-04 5.409291e-04 4.264566e-04 3.347180e-04 2.615490e-04 2.034684e-04 1.575834e-04 1.215049e-04 9.327113e-05 0.000000e+00 0.000000e+00 0.000000e+00 0.000000e+00 0.000000e+00 0.000000e+00 0.000000e+00 0.000000e+00 0.000000e+00 0.000000e+00 0.000000e+00 0.000000e+00 0.000000e+00 0.000000e+00 0.000000e+00 0.000000e+00 0.000000e+00 0.000000e+00 0.000000e+00
2.493522e-01 2.487987e-01 2.471456e-01 2.444147e-01 2.406421e-01 2.358771e-01 2.301811e-01 2.236266e-01 2.162952e-01 2.082765e-01 1.996656e-01 1.905620e-01 1.810669e-01 1.712819e-01 1.613072e-01 1.512398e-01 1.411718e-01 1.311897e-01 1.213728e-01 1.117925e-01 1.025118e-01 9.358465e-02 8.505608e-02 7.696193e-02 6.932922e-02 6.217653e-02 5.551450e-02 4.934648e-02 4.366925e-02 3.847380e-02 3.374615e-02 2.946817e-02 2.561840e-02 2.217280e-02 1.910552e-02 1.638955e-02 1.399733e-02 1.190126e-02 1.007420e-02 8.489808e-03 7.122871e-03 5.949522e-03 4.947421e-03 4.095863e-03 3.375840e-03 2.770053e-03 2.262893e-03 1.840390e-03 1.490135e-03 1.201188e-03 9.639757e-04 7.701780e-04 6.126126e-04 4.851215e-04 3.824591e-04 3.001851e-04 2.345650e-04 1.824765e-04 1.413256e-04 1.089693e-04 8.364835e-05 0.000000e+00 0.000000e+00 0.000000e+00 0.000000e+00 0.000000e+00 0.000000e+00 0.000000e+00 0.000000e+00 0.000000e+00 0.000000e+00 0.000000e+00 0.000000e+00 0.000000e+00 0.000000e+00 0.000000e+00 0.000000e+00 0.000000e+00 0.000000e+00 0.000000e+00
2.226349e-01 2.221407e-01 2.206647e-01 2.182264e-01 2.148580e-01 2.106036e-01 2.055179e-01 1.996656e-01 1.931198e-01 1.859603e-01 1.782721e-01 1.701438e-01 1.616661e-01 1.529296e-01 1.440236e-01 1.350349e-01 1.260457e-01 1.171331e-01 1.083680e-01 9.981424e-02 9.152793e-02 8.355734e-02 7.594258e-02 6.871568e-02 6.190080e-02 5.551450e-02 4.956628e-02 4.405915e-02 3.899022e-02 3.435145e-02 3.013035e-02 2.631075e-02 2.287346e-02 1.979705e-02 1.705842e-02 1.463346e-02 1.249756e-02 1.062607e-02 8.994778e-03 7.580150e-03 6.359676e-03 5.312048e-03 4.417319e-03 3.657004e-03 3.014129e-03 2.473250e-03 2.020431e-03 1.643198e-03 1.330471e-03 1.072484e-03 8.606886e-04 6.876558e-04 5.469730e-04 4.331422e-04 3.414797e-04 2.680212e-04 2.094321e-04 1.629247e-04 1.261829e-04 9.729356e-05 7.468567e-05 0.000000e+00 0.000000e+00 0.000000e+00 0.000000e+00 0.000000e+00 0.000000e+00 0.000000e+00 0.000000e+00 0.000000e+00 0.000000e+00 0.000000e+00 0.000000e+00 0.000000e+00 0.000000e+00 0.000000e+00 0.000000e+00 0.000000e+00 0.000000e+00 0.000000e+00
1.978987e-01 1.974594e-01 1.961474e-01 1.939800e-01 1.909859e-01 1.872042e-01 1.826835e-01 1.774815e-01 1.716630e-01 1.652989e-01 1.584649e-01 1.512398e-01 1.437040e-01 1.359381e-01 1.280217e-01 1.200316e-01 1.120412e-01 1.041189e-01 9.632764e-02 8.872423e-02 8.135859e-02 7.427358e-02 6.750487e-02 6.108093e-02 5.502322e-02 4.934648e-02 4.405915e-02 3.916389e-02 3.465816e-02 3.053478e-02 2.678268e-02 2.338745e-02 2.033208e-02 1.759747e-02 1.516312e-02 1.300759e-02 1.110900e-02 9.445449e-03 7.995400e-03 6.737947e-03 5.653075e-03 4.721846e-03 3.926527e-03 3.250687e-03 2.679240e-03 2.198456e-03 1.795948e-03 1.460628e-03 1.182647e-03 9.533242e-04 7.650605e-04 6.112527e-04 4.862008e-04 3.850173e-04 3.035391e-04 2.382423e-04 1.861628e-04 1.448227e-04 1.121632e-04 8.648362e-05 6.638762e-05 0.000000e+00 0.000000e+00 0.000000e+00 0.000000e+00 0.000000e+00 0.000000e+00 0.000000e+00 0.000000e+00 0.000000e+00 0.000000e+00 0.000000e+00 0.000000e+00 0.000000e+00 0.000000e+00 0.000000e+00 0.000000e+00 0.000000e+00 0.000000e+00 0.000000e+00
