2.129653e-02 2.221497e-02 2.307026e-02 2.385223e-02 2.455134e-02 2.515888e-02 2.566713e-02 2.606951e-02 2.636079e-02 2.653711e-02 2.659615e-02 2.653711e-02 2.636079e-02 2.606951e-02 2.566713e-02 2.515888e-02 2.455134e-02 2.385223e-02 2.307026e-02 2.221497e-02 2.129653e-02 2.032553e-02 1.931277e-02 1.826910e-02 1.720519e-02 1.613138e-02 1.505752e-02 1.399282e-02 1.294574e-02 1.192389e-02 1.093400e-02 9.981831e-03 9.072166e-03 8.208835e-03 7.394722e-03 6.631809e-03 5.921231e-03 5.263344e-03 4.657805e-03 4.103654e-03 3.599398e-03 3.143104e-03 2.732484e-03 2.364973e-03 2.037814e-03 1.748126e-03 1.492969e-03 1.269400e-03 1.074524e-03 9.055313e-04 7.597324e-04 6.345818e-04 5.276968e-04 4.368688e-04 3.600704e-04 2.954566e-04 2.413624e-04 1.962978e-04 1.589392e-04 1.281199e-04 1.028186e-04 8.214795e-05 6.534186e-05 5.174354e-05 4.079346e-05 3.201804e-05 2.501894e-05 1.946313e-05 1.507392e-05 1.162277e-05 8.922015e-06 0.000000e+00 0.000000e+00 0.000000e+00 0.000000e+00 0.000000e+00 0.000000e+00 0.000000e+00 0.000000e+00 0.000000e+00
2.124926e-02 2.216566e-02 2.301905e-02 2.379928e-02 2.449684e-02 2.510303e-02 2.561015e-02 2.601165e-02 2.630227e-02 2.647821e-02 2.653711e-02 2.647821e-02 2.630227e-02 2.601165e-02 2.561015e-02 2.510303e-02 2.449684e-02 2.379928e-02 2.301905e-02 2.216566e-02 2.124926e-02 2.028041e-02 1.926990e-02 1.822855e-02 1.716700e-02 1.609557e-02 1.502410e-02 1.396176e-02 1.291700e-02 1.189743e-02 1.090973e-02 9.959674e-03 9.052028e-03 8.190613e-03 7.378308e-03 6.617088e-03 5.908087e-03 5.251660e-03 4.647466e-03 4.094544e-03 3.591408e-03 3.136127e-03 2.726418e-03 2.359723e-03 2.033290e-03 1.744246e-03 1.489655e-03 1.266582e-03 1.072139e-03 9.035212e-04 7.580460e-04 6.331732e-04 5.265254e-04 4.358991e-04 3.592712e-04 2.948007e-04 2.408266e-04 1.958621e-04 1.585864e-04 1.278355e-04 1.025904e-04 8.196560e-05 6.519682e-05 5.162868e-05 4.070291e-05 3.194697e-05 2.496340e-05 1.941993e-05 1.504046e-05 1.159697e-05 8.902211e-06 0.000000e+00 0.000000e+00 0.000000e+00 0.000000e+00 0.000000e+00 0.000000e+00 0.000000e+00 0.000000e+00 0.000000e+00
2.110807e-02 2.201838e-02 2.286610e-02 2.364115e-02 2.433407e-02 2.493624e-02 2.543998e-02 2.583881e-02 2.612751e-02 2.630227e-02 2.636079e-02 2.630227e-02 2.612751e-02 2.583881e-02 2.543998e-02 2.493624e-02 2.433407e-02 2.364115e-02 2.286610e-02 2.201838e-02 2.110807e-02 2.014566e-02 1.914186e-02 1.810743e-02 1.705293e-02 1.598863e-02 1.492427e-02 1.386899e-02 1.283117e-02 1.181837e-02 1.083724e-02 9.893497e-03 8.991881e-03 8.136190e-03 7.329283e-03 6.573121e-03 5.868831e-03 5.216766e-03 4.616586e-03 4.067338e-03 3.567545e-03 3.115290e-03 2.708303e-03 2.344044e-03 2.019780e-03 1.732656e-03 1.479757e-03 1.258166e-03 1.065015e-03 8.975178e-04 7.530092e-04 6.289661e-04 5.230269e-04 4.330027e-04 3.568840e-04 2.928419e-04 2.392265e-04 1.945607e-04 1.575327e-04 1.269861e-04 1.019087e-04 8.142098e-05 6.476362e-05 5.128563e-05 4.043246e-05 3.173470e-05 2.479753e-05 1.929089e-05 1.494053e-05 1.151992e-05 8.843060e-06 0.000000e+00 0.000000e+00 0.000000e+00 0.000000e+00 0.000000e+00 0.000000e+00 0.000000e+00 0.000000e+00 0.000000e+00
2.087483e-02 2.177509e-02 2.261344e-02 2.337992e-02 2.406519e-02 2.466070e-02 2.515888e-02 2.555330e-02 2.583881e-02 2.601165e-02 2.606951e-02 2.601165e-02 2.583881e-02 2.555330e-02 2.515888e-02 2.466070e-02 2.406519e-02 2.337992e-02 2.261344e-02 2.177509e-02 2.087483e-02 1.992306e-02 1.893035e-02 1.790735e-02 1.686450e-02 1.581196e-02 1.475936e-02 1.371574e-02 1.268939e-02 1.168779e-02 1.071750e-02 9.784178e-03 8.892525e-03 8.046289e-03 7.248297e-03 6.500490e-03 5.803983e-03 5.159123e-03 4.565574e-03 4.022396e-03 3.528125e-03 3.080867e-03 2.678377e-03 2.318143e-03 1.997462e-03 1.713511e-03 1.463406e-03 1.244264e-03 1.053247e-03 8.876006e-04 7.446887e-04 6.220163e-04 5.172477e-04 4.282182e-04 3.529406e-04 2.896061e-04 2.365831e-04 1.924109e-04 1.557920e-04 1.255829e-04 1.007827e-04 8.052131e-05 6.404801e-05 5.071895e-05 3.998570e-05 3.138404e-05 2.452353e-05 1.907773e-05 1.477544e-05 1.139263e-05 8.745347e-06 0.000000e+00 0.000000e+00 0.000000e+00 0.000000e+00 0.000000e+00 0.000000e+00 0.000000e+00 0.000000e+00 0.000000e+00
2.055263e-02 2.143898e-02 2.226439e-02 2.301905e-02 2.369374e-02 2.428006e-02 2.477055e-02 2.515888e-02 2.543998e-02 2.561015e-02 2.566713e-02 2.561015e-02 2.543998e-02 2.515888e-02 2.477055e-02 2.428006e-02 2.369374e-02 2.301905e-02 2.226439e-02 2.143898e-02 2.055263e-02 1.961554e-02 1.863816e-02 1.763094e-02 1.660420e-02 1.556790e-02 1.453155e-02 1.350404e-02 1.249353e-02 1.150738e-02 1.055207e-02 9.633156e-03 8.755267e-03 7.922093e-03 7.136418e-03 6.400154e-03 5.714397e-03 5.079491e-03 4.495104e-03 3.960309e-03 3.473668e-03 3.033313e-03 2.637036e-03 2.282362e-03 1.966631e-03 1.687062e-03 1.440818e-03 1.225059e-03 1.036990e-03 8.739003e-04 7.331943e-04 6.124153e-04 5.092638e-04 4.216086e-04 3.474928e-04 2.851360e-04 2.329314e-04 1.894410e-04 1.533873e-04 1.236445e-04 9.922706e-05 7.927844e-05 6.305941e-05 4.993609e-05 3.936851e-05 3.089962e-05 2.414500e-05 1.878326e-05 1.454738e-05 1.121678e-05 8.610361e-06 0.000000e+00 0.000000e+00 0.000000e+00 0.000000e+00 0.000000e+00 0.000000e+00 0.000000e+00 0.000000e+00 0.000000e+00
2.014566e-02 2.101447e-02 2.182353e-02 2.256324e-02 2.322458e-02 2.379928e-02 2.428006e-02 2.466070e-02 2.493624e-02 2.510303e-02 2.515888e-02 2.510303e-02 2.493624e-02 2.466070e-02 2.428006e-02 2.379928e-02 2.322458e-02 2.256324e-02 2.182353e-02 2.101447e-02 2.014566e-02 1.922713e-02 1.826910e-02 1.728183e-02 1.627541e-02 1.525963e-02 1.424381e-02 1.323664e-02 1.224614e-02 1.127952e-02 1.034313e-02 9.442408e-03 8.581901e-03 7.765225e-03 6.995108e-03 6.273423e-03 5.601245e-03 4.978910e-03 4.406095e-03 3.881890e-03 3.404884e-03 2.973249e-03 2.584819e-03 2.237168e-03 1.927689e-03 1.653656e-03 1.412288e-03 1.200801e-03 1.016456e-03 8.565959e-04 7.186761e-04 6.002887e-04 4.991798e-04 4.132602e-04 3.406120e-04 2.794899e-04 2.283191e-04 1.856898e-04 1.503501e-04 1.211962e-04 9.726223e-05 7.770862e-05 6.181075e-05 4.894729e-05 3.858896e-05 3.028777e-05 2.366690e-05 1.841133e-05 1.425932e-05 1.099467e-05 8.439864e-06 0.000000e+00 0.000000e+00 0.000000e+00 0.000000e+00 0.000000e+00 0.000000e+00 0.000000e+00 0.000000e+00 0.000000e+00
1.965918e-02 2.050701e-02 2.129653e-02 2.201838e-02 2.266375e-02 2.322458e-02 2.369374e-02 2.406519e-02 2.433407e-02 2.449684e-02 2.455134e-02 2.449684e-02 2.433407e-02 2.406519e-02 2.369374e-02 2.322458e-02 2.266375e-02 2.201838e-02 2.129653e-02 2.050701e-02 1.965918e-02 1.876283e-02 1.782793e-02 1.686450e-02 1.588239e-02 1.489114e-02 1.389984e-02 1.291700e-02 1.195042e-02 1.100714e-02 1.009336e-02 9.214391e-03 8.374664e-03 7.577709e-03 6.826189e-03 6.121932e-03 5.465985e-03 4.858679e-03 4.299696e-03 3.788149e-03 3.322663e-03 2.901451e-03 2.522400e-03 2.183145e-03 1.881139e-03 1.613724e-03 1.378184e-03 1.171804e-03 9.919106e-04 8.359107e-04 7.013214e-04 5.857929e-04 4.871255e-04 4.032807e-04 3.323869e-04 2.727408e-04 2.228056e-04 1.812057e-04 1.467194e-04 1.182695e-04 9.491353e-05 7.583211e-05 6.031814e-05 4.776531e-05 3.765711e-05 2.955638e-05 2.309539e-05 1.796673e-05 1.391498e-05 1.072917e-05 8.236058e-06 0.000000e+00 0.000000e+00 0.000000e+00 0.000000e+00 0.000000e+00 0.000000e+00 0.000000e+00 0.000000e+00 0.000000e+00
1.909937e-02 1.992306e-02 2.069010e-02 2.139140e-02 2.201838e-02 2.256324e-02 2.301905e-02 2.337992e-02 2.364115e-02 2.379928e-02 2.385223e-02 2.379928e-02 2.364115e-02 2.337992e-02 2.301905e-02 2.256324e-02 2.201838e-02 2.139140e-02 2.069010e-02 1.992306e-02 1.909937e-02 1.822855e-02 1.732027e-02 1.638428e-02 1.543013e-02 1.446711e-02 1.350404e-02 1.254918e-02 1.161013e-02 1.069371e-02 9.805945e-03 8.952006e-03 8.136190e-03 7.361930e-03 6.631809e-03 5.947606e-03 5.310338e-03 4.720325e-03 4.177260e-03 3.680280e-03 3.228048e-03 2.818831e-03 2.450573e-03 2.120979e-03 1.827573e-03 1.567772e-03 1.338939e-03 1.138436e-03 9.636653e-04 8.121077e-04 6.813509e-04 5.691121e-04 4.732543e-04 3.917971e-04 3.229220e-04 2.649743e-04 2.164611e-04 1.760458e-04 1.425415e-04 1.149017e-04 9.221081e-05 7.367275e-05 5.860055e-05 4.640516e-05 3.658480e-05 2.871474e-05 2.243773e-05 1.745512e-05 1.351875e-05 1.042365e-05 8.001532e-06 0.000000e+00 0.000000e+00 0.000000e+00 0.000000e+00 0.000000e+00 0.000000e+00 0.000000e+00 0.000000e+00 0.000000e+00
1.847322e-02 1.926990e-02 2.001180e-02 2.069010e-02 2.129653e-02 2.182353e-02 2.226439e-02 2.261344e-02 2.286610e-02 2.301905e-02 2.307026e-02 2.301905e-02 2.286610e-02 2.261344e-02 2.226439e-02 2.182353e-02 2.129653e-02 2.069010e-02 2.001180e-02 1.926990e-02 1.847322e-02 1.763094e-02 1.675245e-02 1.584714e-02 1.492427e-02 1.399282e-02 1.306132e-02 1.213777e-02 1.122950e-02 1.034313e-02 9.484467e-03 8.658525e-03 7.869455e-03 7.120577e-03 6.414392e-03 5.752620e-03 5.136244e-03 4.565574e-03 4.040313e-03 3.559626e-03 3.122220e-03 2.726418e-03 2.370234e-03 2.051445e-03 1.767658e-03 1.516374e-03 1.295044e-03 1.101114e-03 9.320726e-04 7.854836e-04 6.590135e-04 5.504544e-04 4.577392e-04 3.789524e-04 3.123353e-04 2.562874e-04 2.093646e-04 1.702743e-04 1.378684e-04 1.111348e-04 8.918778e-05 7.125747e-05 5.667939e-05 4.488382e-05 3.538541e-05 2.777336e-05 2.170214e-05 1.688287e-05 1.307555e-05 1.008192e-05 7.739210e-06 0.000000e+00 0.000000e+00 0.000000e+00 0.000000e+00 0.000000e+00 0.000000e+00 0.000000e+00 0.000000e+00 0.000000e+00
1.778836e-02 1.855551e-02 1.926990e-02 1.992306e-02 2.050701e-02 2.101447e-02 2.143898e-02 2.177509e-02 2.201838e-02 2.216566e-02 2.221497e-02 2.216566e-02 2.201838e-02 2.177509e-02 2.143898e-02 2.101447e-02 2.050701e-02 1.992306e-02 1.926990e-02 1.855551e-02 1.778836e-02 1.697731e-02 1.613138e-02 1.525963e-02 1.437098e-02 1.347406e-02 1.257710e-02 1.168779e-02 1.081319e-02 9.959674e-03 9.132849e-03 8.337527e-03 7.577709e-03 6.856595e-03 6.176591e-03 5.539353e-03 4.945828e-03 4.396314e-03 3.890526e-03 3.427659e-03 3.006470e-03 2.625342e-03 2.282362e-03 1.975391e-03 1.702125e-03 1.460158e-03 1.247032e-03 1.060292e-03 8.975178e-04 7.563633e-04 6.345818e-04 5.300473e-04 4.407694e-04 3.649035e-04 3.007561e-04 2.467861e-04 2.016028e-04 1.639617e-04 1.327572e-04 1.070147e-04 8.588131e-05 6.861573e-05 5.457811e-05 4.321984e-05 3.407356e-05 2.674372e-05 2.089757e-05 1.625697e-05 1.259080e-05 9.708155e-06 7.452293e-06 0.000000e+00 0.000000e+00 0.000000e+00 0.000000e+00 0.000000e+00 0.000000e+00 0.000000e+00 0.000000e+00 0.000000e+00
1.705293e-02 1.778836e-02 1.847322e-02 1.909937e-02 1.965918e-02 2.014566e-02 2.055263e-02 2.087483e-02 2.110807e-02 2.124926e-02 2.129653e-02 2.124926e-02 2.110807e-02 2.087483e-02 2.055263e-02 2.014566e-02 1.965918e-02 1.909937e-02 1.847322e-02 1.778836e-02 1.705293e-02 1.627541e-02 1.546446e-02 1.462875e-02 1.377684e-02 1.291700e-02 1.205712e-02 1.120457e-02 1.036614e-02 9.547908e-03 8.755267e-03 7.992825e-03 7.264422e-03 6.573121e-03 5.921231e-03 5.310338e-03 4.741351e-03 4.214556e-03 3.729679e-03 3.285949e-03 2.882172e-03 2.516801e-03 2.188002e-03 1.893722e-03 1.631754e-03 1.399790e-03 1.195476e-03 1.016456e-03 8.604114e-04 7.250928e-04 6.083461e-04 5.081334e-04 4.225466e-04 3.498172e-04 2.883218e-04 2.365831e-04 1.932679e-04 1.571830e-04 1.272686e-04 1.025904e-04 8.233070e-05 6.577894e-05 5.232167e-05 4.143299e-05 3.266485e-05 2.563804e-05 2.003360e-05 1.558486e-05 1.207025e-05 9.306788e-06 7.144191e-06 0.000000e+00 0.000000e+00 0.000000e+00 0.000000e+00 0.000000e+00 0.000000e+00 0.000000e+00 0.000000e+00 0.000000e+00
1.627541e-02 1.697731e-02 1.763094e-02 1.822855e-02 1.876283e-02 1.922713e-02 1.961554e-02 1.992306e-02 2.014566e-02 2.028041e-02 2.032553e-02 2.028041e-02 2.014566e-02 1.992306e-02 1.961554e-02 1.922713e-02 1.876283e-02 1.822855e-02 1.763094e-02 1.697731e-02 1.627541e-02 1.553334e-02 1.475936e-02 1.396176e-02 1.314869e-02 1.232806e-02 1.150738e-02 1.069371e-02 9.893497e-03 9.112576e-03 8.356075e-03 7.628397e-03 6.933204e-03 6.273423e-03 5.651255e-03 5.068216e-03 4.525171e-03 4.022396e-03 3.559626e-03 3.136127e-03 2.750761e-03 2.402049e-03 2.088241e-03 1.807379e-03 1.557355e-03 1.335967e-03 1.140969e-03 9.701112e-04 8.211814e-04 6.920325e-04 5.806089e-04 4.849653e-04 4.032807e-04 3.338674e-04 2.751760e-04 2.257962e-04 1.844560e-04 1.500163e-04 1.214658e-04 9.791281e-05 7.857687e-05 6.277977e-05 4.993609e-05 3.954387e-05 3.117551e-05 2.446909e-05 1.912017e-05 1.487427e-05 1.151992e-05 8.882450e-06 6.818455e-06 0.000000e+00 0.000000e+00 0.000000e+00 0.000000e+00 0.000000e+00 0.000000e+00 0.000000e+00 0.000000e+00 0.000000e+00
1.546446e-02 1.613138e-02 1.675245e-02 1.732027e-02 1.782793e-02 1.826910e-02 1.863816e-02 1.893035e-02 1.914186e-02 1.926990e-02 1.931277e-02 1.926990e-02 1.914186e-02 1.893035e-02 1.863816e-02 1.826910e-02 1.782793e-02 1.732027e-02 1.675245e-02 1.613138e-02 1.546446e-02 1.475936e-02 1.402395e-02 1.326609e-02 1.249353e-02 1.171379e-02 1.093400e-02 1.016087e-02 9.400534e-03 8.658525e-03 7.939717e-03 7.248297e-03 6.587744e-03 5.960837e-03 5.369671e-03 4.815682e-03 4.299696e-03 3.821972e-03 3.382261e-03 2.979864e-03 2.613699e-03 2.282362e-03 1.984190e-03 1.717323e-03 1.479757e-03 1.269400e-03 1.084118e-03 9.217735e-04 7.802645e-04 6.575506e-04 5.516789e-04 4.608010e-04 3.831865e-04 3.172319e-04 2.614648e-04 2.145455e-04 1.752651e-04 1.425415e-04 1.154136e-04 9.303412e-05 7.466163e-05 5.965165e-05 4.744793e-05 3.757352e-05 2.962213e-05 2.324987e-05 1.816747e-05 1.413313e-05 1.094591e-05 8.439864e-06 6.478713e-06 0.000000e+00 0.000000e+00 0.000000e+00 0.000000e+00 0.000000e+00 0.000000e+00 0.000000e+00 0.000000e+00 0.000000e+00
1.462875e-02 1.525963e-02 1.584714e-02 1.638428e-02 1.686450e-02 1.728183e-02 1.763094e-02 1.790735e-02 1.810743e-02 1.822855e-02 1.826910e-02 1.822855e-02 1.810743e-02 1.790735e-02 1.763094e-02 1.728183e-02 1.686450e-02 1.638428e-02 1.584714e-02 1.525963e-02 1.462875e-02 1.396176e-02 1.326609e-02 1.254918e-02 1.181837e-02 1.108077e-02 1.034313e-02 9.611773e-03 8.892525e-03 8.190613e-03 7.510650e-03 6.856595e-03 6.231739e-03 5.638711e-03 5.079491e-03 4.555440e-03 4.067338e-03 3.615431e-03 3.199481e-03 2.818831e-03 2.472454e-03 2.159022e-03 1.876964e-03 1.624518e-03 1.399790e-03 1.200801e-03 1.025531e-03 8.719604e-04 7.380986e-04 6.220163e-04 5.218659e-04 4.358991e-04 3.624789e-04 3.000885e-04 2.473351e-04 2.029513e-04 1.657937e-04 1.348385e-04 1.091765e-04 8.800651e-05 7.062688e-05 5.642805e-05 4.488382e-05 3.554303e-05 2.802134e-05 2.199344e-05 1.718570e-05 1.336937e-05 1.035439e-05 7.983770e-06 6.128600e-06 0.000000e+00 0.000000e+00 0.000000e+00 0.000000e+00 0.000000e+00 0.000000e+00 0.000000e+00 0.000000e+00 0.000000e+00
1.377684e-02 1.437098e-02 1.492427e-02 1.543013e-02 1.588239e-02 1.627541e-02 1.660420e-02 1.686450e-02 1.705293e-02 1.716700e-02 1.720519e-02 1.716700e-02 1.705293e-02 1.686450e-02 1.660420e-02 1.627541e-02 1.588239e-02 1.543013e-02 1.492427e-02 1.437098e-02 1.377684e-02 1.314869e-02 1.249353e-02 1.181837e-02 1.113013e-02 1.043547e-02 9.740788e-03 9.052028e-03 8.374664e-03 7.713629e-03 7.073265e-03 6.457298e-03 5.868831e-03 5.310338e-03 4.783684e-03 4.290152e-03 3.830475e-03 3.404884e-03 3.013158e-03 2.654675e-03 2.328469e-03 2.033290e-03 1.767658e-03 1.529913e-03 1.318272e-03 1.130872e-03 9.658092e-04 8.211814e-04 6.951151e-04 5.857929e-04 4.914748e-04 4.105143e-04 3.413698e-04 2.826127e-04 2.329314e-04 1.911324e-04 1.561386e-04 1.269861e-04 1.028186e-04 8.288140e-05 6.651389e-05 5.314193e-05 4.226999e-05 3.347316e-05 2.638950e-05 2.071264e-05 1.618488e-05 1.259080e-05 9.751398e-06 7.518831e-06 5.771697e-06 0.000000e+00 0.000000e+00 0.000000e+00 0.000000e+00 0.000000e+00 0.000000e+00 0.000000e+00 0.000000e+00 0.000000e+00
1.291700e-02 1.347406e-02 1.399282e-02 1.446711e-02 1.489114e-02 1.525963e-02 1.556790e-02 1.581196e-02 1.598863e-02 1.609557e-02 1.613138e-02 1.609557e-02 1.598863e-02 1.581196e-02 1.556790e-02 1.525963e-02 1.489114e-02 1.446711e-02 1.399282e-02 1.347406e-02 1.291700e-02 1.232806e-02 1.171379e-02 1.108077e-02 1.043547e-02 9.784178e-03 9.132849e-03 8.487075e-03 7.851986e-03 7.232207e-03 6.631809e-03 6.054286e-03 5.502547e-03 4.978910e-03 4.485126e-03 4.022396e-03 3.591408e-03 3.192379e-03 2.825102e-03 2.488992e-03 2.183145e-03 1.906389e-03 1.657335e-03 1.434429e-03 1.235997e-03 1.060292e-03 9.055313e-04 7.699300e-04 6.517317e-04 5.492325e-04 4.608010e-04 3.848934e-04 3.200643e-04 2.649743e-04 2.183937e-04 1.792035e-04 1.463937e-04 1.190606e-04 9.640151e-05 7.770862e-05 6.236263e-05 4.982525e-05 3.963184e-05 3.138404e-05 2.474249e-05 1.941993e-05 1.517475e-05 1.180498e-05 9.142796e-06 7.049568e-06 5.411476e-06 0.000000e+00 0.000000e+00 0.000000e+00 0.000000e+00 0.000000e+00 0.000000e+00 0.000000e+00 0.000000e+00 0.000000e+00
1.205712e-02 1.257710e-02 1.306132e-02 1.350404e-02 1.389984e-02 1.424381e-02 1.453155e-02 1.475936e-02 1.492427e-02 1.502410e-02 1.505752e-02 1.502410e-02 1.492427e-02 1.475936e-02 1.453155e-02 1.424381e-02 1.389984e-02 1.350404e-02 1.306132e-02 1.257710e-02 1.205712e-02 1.150738e-02 1.093400e-02 1.034313e-02 9.740788e-03 9.132849e-03 8.524879e-03 7.922093e-03 7.329283e-03 6.750762e-03 6.190332e-03 5.651255e-03 5.136244e-03 4.647466e-03 4.186553e-03 3.754626e-03 3.352329e-03 2.979864e-03 2.637036e-03 2.323300e-03 2.037814e-03 1.779482e-03 1.547007e-03 1.338939e-03 1.153717e-03 9.897087e-04 8.452504e-04 7.186761e-04 6.083461e-04 5.126703e-04 4.301257e-04 3.592712e-04 2.987577e-04 2.473351e-04 2.038554e-04 1.672740e-04 1.366483e-04 1.111348e-04 8.998410e-05 7.253559e-05 5.821118e-05 4.650840e-05 3.699357e-05 2.929482e-05 2.309539e-05 1.812715e-05 1.416457e-05 1.101913e-05 8.534163e-06 6.580281e-06 5.051236e-06 0.000000e+00 0.000000e+00 0.000000e+00 0.000000e+00 0.000000e+00 0.000000e+00 0.000000e+00 0.000000e+00 0.000000e+00
1.120457e-02 1.168779e-02 1.213777e-02 1.254918e-02 1.291700e-02 1.323664e-02 1.350404e-02 1.371574e-02 1.386899e-02 1.396176e-02 1.399282e-02 1.396176e-02 1.386899e-02 1.371574e-02 1.350404e-02 1.323664e-02 1.291700e-02 1.254918e-02 1.213777e-02 1.168779e-02 1.120457e-02 1.069371e-02 1.016087e-02 9.611773e-03 9.052028e-03 8.487075e-03 7.922093e-03 7.361930e-03 6.811037e-03 6.273423e-03 5.752620e-03 5.251660e-03 4.773065e-03 4.318848e-03 3.890526e-03 3.489140e-03 3.115290e-03 2.769161e-03 2.450573e-03 2.159022e-03 1.893722e-03 1.653656e-03 1.437620e-03 1.244264e-03 1.072139e-03 9.197274e-04 7.854836e-04 6.678592e-04 5.653306e-04 4.764199e-04 3.997119e-04 3.338674e-04 2.776329e-04 2.298463e-04 1.894410e-04 1.554462e-04 1.269861e-04 1.032766e-04 8.362141e-05 6.740668e-05 5.409512e-05 4.321984e-05 3.437779e-05 2.722341e-05 2.146234e-05 1.684540e-05 1.316301e-05 1.023998e-05 7.930722e-06 6.114995e-06 4.694068e-06 0.000000e+00 0.000000e+00 0.000000e+00 0.000000e+00 0.000000e+00 0.000000e+00 0.000000e+00 0.000000e+00 0.000000e+00
1.036614e-02 1.081319e-02 1.122950e-02 1.161013e-02 1.195042e-02 1.224614e-02 1.249353e-02 1.268939e-02 1.283117e-02 1.291700e-02 1.294574e-02 1.291700e-02 1.283117e-02 1.268939e-02 1.249353e-02 1.224614e-02 1.195042e-02 1.161013e-02 1.122950e-02 1.081319e-02 1.036614e-02 9.893497e-03 9.400534e-03 8.892525e-03 8.374664e-03 7.851986e-03 7.329283e-03 6.811037e-03 6.301367e-03 5.803983e-03 5.322152e-03 4.858679e-03 4.415897e-03 3.995669e-03 3.599398e-03 3.228048e-03 2.882172e-03 2.561945e-03 2.267197e-03 1.997462e-03 1.752015e-03 1.529913e-03 1.330043e-03 1.151156e-03 9.919106e-04 8.509043e-04 7.267059e-04 6.178833e-04 5.230269e-04 4.407694e-04 3.698014e-04 3.088841e-04 2.568576e-04 2.126469e-04 1.752651e-04 1.438141e-04 1.174837e-04 9.554840e-05 7.736402e-05 6.236263e-05 5.004719e-05 3.998570e-05 3.180530e-05 2.518629e-05 1.985631e-05 1.558486e-05 1.217802e-05 9.473722e-06 7.337266e-06 5.657410e-06 4.342811e-06 0.000000e+00 0.000000e+00 0.000000e+00 0.000000e+00 0.000000e+00 0.000000e+00 0.000000e+00 0.000000e+00 0.000000e+00
9.547908e-03 9.959674e-03 1.034313e-02 1.069371e-02 1.100714e-02 1.127952e-02 1.150738e-02 1.168779e-02 1.181837e-02 1.189743e-02 1.192389e-02 1.189743e-02 1.181837e-02 1.168779e-02 1.150738e-02 1.127952e-02 1.100714e-02 1.069371e-02 1.034313e-02 9.959674e-03 9.547908e-03 9.112576e-03 8.658525e-03 8.190613e-03 7.713629e-03 7.232207e-03 6.750762e-03 6.273423e-03 5.803983e-03 5.345858e-03 4.902060e-03 4.475170e-03 4.067338e-03 3.680280e-03 3.315287e-03 2.973249e-03 2.654675e-03 2.359723e-03 2.088241e-03 1.839797e-03 1.613724e-03 1.409153e-03 1.225059e-03 1.060292e-03 9.136163e-04 7.837400e-04 6.693450e-04 5.691121e-04 4.817430e-04 4.059783e-04 3.406120e-04 2.845031e-04 2.365831e-04 1.958621e-04 1.614309e-04 1.324625e-04 1.082104e-04 8.800651e-05 7.125747e-05 5.744018e-05 4.609682e-05 3.682952e-05 2.929482e-05 2.319826e-05 1.828900e-05 1.435470e-05 1.121678e-05 8.725935e-06 6.758115e-06 5.210855e-06 4.000021e-06 0.000000e+00 0.000000e+00 0.000000e+00 0.000000e+00 0.000000e+00 0.000000e+00 0.000000e+00 0.000000e+00 0.000000e+00
8.755267e-03 9.132849e-03 9.484467e-03 9.805945e-03 1.009336e-02 1.034313e-02 1.055207e-02 1.071750e-02 1.083724e-02 1.090973e-02 1.093400e-02 1.090973e-02 1.083724e-02 1.071750e-02 1.055207e-02 1.034313e-02 1.009336e-02 9.805945e-03 9.484467e-03 9.132849e-03 8.755267e-03 8.356075e-03 7.939717e-03 7.510650e-03 7.073265e-03 6.631809e-03 6.190332e-03 5.752620e-03 5.322152e-03 4.902060e-03 4.495104e-03 4.103654e-03 3.729679e-03 3.374753e-03 3.040061e-03 2.726418e-03 2.434291e-03 2.163825e-03 1.914881e-03 1.687062e-03 1.479757e-03 1.292169e-03 1.123358e-03 9.722694e-04 8.377703e-04 7.186761e-04 6.137778e-04 5.218659e-04 4.417500e-04 3.722750e-04 3.123353e-04 2.608844e-04 2.169426e-04 1.796021e-04 1.480294e-04 1.214658e-04 9.922706e-05 8.070044e-05 6.534186e-05 5.267165e-05 4.226999e-05 3.377203e-05 2.686284e-05 2.127241e-05 1.677069e-05 1.316301e-05 1.028559e-05 8.001532e-06 6.197075e-06 4.778264e-06 3.667950e-06 0.000000e+00 0.000000e+00 0.000000e+00 0.000000e+00 0.000000e+00 0.000000e+00 0.000000e+00 0.000000e+00 0.000000e+00
7.992825e-03 8.337527e-03 8.658525e-03 8.952006e-03 9.214391e-03 9.442408e-03 9.633156e-03 9.784178e-03 9.893497e-03 9.959674e-03 9.981831e-03 9.959674e-03 9.893497e-03 9.784178e-03 9.633156e-03 9.442408e-03 9.214391e-03 8.952006e-03 8.658525e-03 8.337527e-03 7.992825e-03 7.628397e-03 7.248297e-03 6.856595e-03 6.457298e-03 6.054286e-03 5.651255e-03 5.251660e-03 4.858679e-03 4.475170e-03 4.103654e-03 3.746292e-03 3.404884e-03 3.080867e-03 2.775321e-03 2.488992e-03 2.222304e-03 1.975391e-03 1.748126e-03 1.540147e-03 1.350894e-03 1.179642e-03 1.025531e-03 8.876006e-04 7.648142e-04 6.560911e-04 5.603277e-04 4.764199e-04 4.032807e-04 3.398559e-04 2.851360e-04 2.381656e-04 1.980505e-04 1.639617e-04 1.351384e-04 1.108881e-04 9.058599e-05 7.367275e-05 5.965165e-05 4.808481e-05 3.858896e-05 3.083103e-05 2.452353e-05 1.941993e-05 1.531024e-05 1.201673e-05 9.389884e-06 7.304728e-06 5.657410e-06 4.362155e-06 3.348531e-06 0.000000e+00 0.000000e+00 0.000000e+00 0.000000e+00 0.000000e+00 0.000000e+00 0.000000e+00 0.000000e+00 0.000000e+00
7.264422e-03 7.577709e-03 7.869455e-03 8.136190e-03 8.374664e-03 8.581901e-03 8.755267e-03 8.892525e-03 8.991881e-03 9.052028e-03 9.072166e-03 9.052028e-03 8.991881e-03 8.892525e-03 8.755267e-03 8.581901e-03 8.374664e-03 8.136190e-03 7.869455e-03 7.577709e-03 7.264422e-03 6.933204e-03 6.587744e-03 6.231739e-03 5.868831e-03 5.502547e-03 5.136244e-03 4.773065e-03 4.415897e-03 4.067338e-03 3.729679e-03 3.404884e-03 3.094590e-03 2.800101e-03 2.522400e-03 2.262165e-03 2.019780e-03 1.795370e-03 1.588815e-03 1.399790e-03 1.227784e-03 1.072139e-03 9.320726e-04 8.067116e-04 6.951151e-04 5.963001e-04 5.092638e-04 4.330027e-04 3.665289e-04 3.088841e-04 2.591510e-04 2.164611e-04 1.800017e-04 1.490195e-04 1.228230e-04 1.007827e-04 8.233070e-05 6.695879e-05 5.421547e-05 4.370274e-05 3.507227e-05 2.802134e-05 2.228864e-05 1.765015e-05 1.391498e-05 1.092162e-05 8.534163e-06 6.639033e-06 5.141839e-06 3.964623e-06 3.043373e-06 0.000000e+00 0.000000e+00 0.000000e+00 0.000000e+00 0.000000e+00 0.000000e+00 0.000000e+00 0.000000e+00 0.000000e+00
6.573121e-03 6.856595e-03 7.120577e-03 7.361930e-03 7.577709e-03 7.765225e-03 7.922093e-03 8.046289e-03 8.136190e-03 8.190613e-03 8.208835e-03 8.190613e-03 8.136190e-03 8.046289e-03 7.922093e-03 7.765225e-03 7.577709e-03 7.361930e-03 7.120577e-03 6.856595e-03 6.573121e-03 6.273423e-03 5.960837e-03 5.638711e-03 5.310338e-03 4.978910e-03 4.647466e-03 4.318848e-03 3.995669e-03 3.680280e-03 3.374753e-03 3.080867e-03 2.800101e-03 2.533636e-03 2.282362e-03 2.046891e-03 1.827573e-03 1.624518e-03 1.437620e-03 1.266582e-03 1.110945e-03 9.701112e-04 8.433742e-04 7.299429e-04 6.289661e-04 5.395546e-04 4.608010e-04 3.917971e-04 3.316491e-04 2.794899e-04 2.344895e-04 1.958621e-04 1.628723e-04 1.348385e-04 1.111348e-04 9.119192e-05 7.449590e-05 6.058682e-05 4.905618e-05 3.954387e-05 3.173470e-05 2.535476e-05 2.016760e-05 1.597051e-05 1.259080e-05 9.882287e-06 7.722031e-06 6.007245e-06 4.652528e-06 3.587339e-06 2.753757e-06 0.000000e+00 0.000000e+00 0.000000e+00 0.000000e+00 0.000000e+00 0.000000e+00 0.000000e+00 0.000000e+00 0.000000e+00
5.921231e-03 6.176591e-03 6.414392e-03 6.631809e-03 6.826189e-03 6.995108e-03 7.136418e-03 7.248297e-03 7.329283e-03 7.378308e-03 7.394722e-03 7.378308e-03 7.329283e-03 7.248297e-03 7.136418e-03 6.995108e-03 6.826189e-03 6.631809e-03 6.414392e-03 6.176591e-03 5.921231e-03 5.651255e-03 5.369671e-03 5.079491e-03 4.783684e-03 4.485126e-03 4.186553e-03 3.890526e-03 3.599398e-03 3.315287e-03 3.040061e-03 2.775321e-03 2.522400e-03 2.282362e-03 2.056009e-03 1.843890e-03 1.646323e-03 1.463406e-03 1.295044e-03 1.140969e-03 1.000767e-03 8.739003e-04 7.597324e-04 6.575506e-04 5.665883e-04 4.860442e-04 4.151010e-04 3.529406e-04 2.987577e-04 2.517715e-04 2.112339e-04 1.764374e-04 1.467194e-04 1.214658e-04 1.001130e-04 8.214795e-05 6.710776e-05 5.457811e-05 4.419103e-05 3.562210e-05 2.858741e-05 2.284019e-05 1.816747e-05 1.438663e-05 1.134210e-05 8.902211e-06 6.956197e-06 5.411476e-06 4.191113e-06 3.231564e-06 2.480653e-06 0.000000e+00 0.000000e+00 0.000000e+00 0.000000e+00 0.000000e+00 0.000000e+00 0.000000e+00 0.000000e+00 0.000000e+00
5.310338e-03 5.539353e-03 5.752620e-03 5.947606e-03 6.121932e-03 6.273423e-03 6.400154e-03 6.500490e-03 6.573121e-03 6.617088e-03 6.631809e-03 6.617088e-03 6.573121e-03 6.500490e-03 6.400154e-03 6.273423e-03 6.121932e-03 5.947606e-03 5.752620e-03 5.539353e-03 5.310338e-03 5.068216e-03 4.815682e-03 4.555440e-03 4.290152e-03 4.022396e-03 3.754626e-03 3.489140e-03 3.228048e-03 2.973249e-03 2.726418e-03 2.488992e-03 2.262165e-03 2.046891e-03 1.843890e-03 1.653656e-03 1.476472e-03 1.312426e-03 1.161434e-03 1.023255e-03 8.975178e-04 7.837400e-04 6.813509e-04 5.897112e-04 5.081334e-04 4.358991e-04 3.722750e-04 3.165277e-04 2.679349e-04 2.257962e-04 1.894410e-04 1.582344e-04 1.315824e-04 1.089342e-04 8.978435e-05 7.367275e-05 6.018425e-05 4.894729e-05 3.963184e-05 3.194697e-05 2.563804e-05 2.048377e-05 1.629314e-05 1.290237e-05 1.017194e-05 7.983770e-06 6.238527e-06 4.853174e-06 3.758716e-06 2.898164e-06 2.224724e-06 0.000000e+00 0.000000e+00 0.000000e+00 0.000000e+00 0.000000e+00 0.000000e+00 0.000000e+00 0.000000e+00 0.000000e+00
4.741351e-03 4.945828e-03 5.136244e-03 5.310338e-03 5.465985e-03 5.601245e-03 5.714397e-03 5.803983e-03 5.868831e-03 5.908087e-03 5.921231e-03 5.908087e-03 5.868831e-03 5.803983e-03 5.714397e-03 5.601245e-03 5.465985e-03 5.310338e-03 5.136244e-03 4.945828e-03 4.741351e-03 4.525171e-03 4.299696e-03 4.067338e-03 3.830475e-03 3.591408e-03 3.352329e-03 3.115290e-03 2.882172e-03 2.654675e-03 2.434291e-03 2.222304e-03 2.019780e-03 1.827573e-03 1.646323e-03 1.476472e-03 1.318272e-03 1.171804e-03 1.036990e-03 9.136163e-04 8.013514e-04 6.997646e-04 6.083461e-04 5.265254e-04 4.536884e-04 3.891938e-04 3.323869e-04 2.826127e-04 2.392265e-04 2.016028e-04 1.691429e-04 1.412800e-04 1.174837e-04 9.726223e-05 8.016423e-05 6.577894e-05 5.373569e-05 4.370274e-05 3.538541e-05 2.852395e-05 2.289100e-05 1.828900e-05 1.454738e-05 1.151992e-05 9.082047e-06 7.128333e-06 5.570087e-06 4.333171e-06 3.355981e-06 2.587634e-06 1.986352e-06 0.000000e+00 0.000000e+00 0.000000e+00 0.000000e+00 0.000000e+00 0.000000e+00 0.000000e+00 0.000000e+00 0.000000e+00
4.214556e-03 4.396314e-03 4.565574e-03 4.720325e-03 4.858679e-03 4.978910e-03 5.079491e-03 5.159123e-03 5.216766e-03 5.251660e-03 5.263344e-03 5.251660e-03 5.216766e-03 5.159123e-03 5.079491e-03 4.978910e-03 4.858679e-03 4.720325e-03 4.565574e-03 4.396314e-03 4.214556e-03 4.022396e-03 3.821972e-03 3.615431e-03 3.404884e-03 3.192379e-03 2.979864e-03 2.769161e-03 2.561945e-03 2.359723e-03 2.163825e-03 1.975391e-03 1.795370e-03 1.624518e-03 1.463406e-03 1.312426e-03 1.171804e-03 1.041609e-03 9.217735e-04 8.121077e-04 7.123161e-04 6.220163e-04 5.407550e-04 4.680250e-04 4.032807e-04 3.459518e-04 2.954566e-04 2.512126e-04 2.126469e-04 1.792035e-04 1.503501e-04 1.255829e-04 1.044305e-04 8.645577e-05 7.125747e-05 5.847047e-05 4.776531e-05 3.884708e-05 3.145386e-05 2.535476e-05 2.034767e-05 1.625697e-05 1.293107e-05 1.023998e-05 8.072973e-06 6.336329e-06 4.951215e-06 3.851728e-06 2.983110e-06 2.300131e-06 1.765655e-06 0.000000e+00 0.000000e+00 0.000000e+00 0.000000e+00 0.000000e+00 0.000000e+00 0.000000e+00 0.000000e+00 0.000000e+00
3.729679e-03 3.890526e-03 4.040313e-03 4.177260e-03 4.299696e-03 4.406095e-03 4.495104e-03 4.565574e-03 4.616586e-03 4.647466e-03 4.657805e-03 4.647466e-03 4.616586e-03 4.565574e-03 4.495104e-03 4.406095e-03 4.299696e-03 4.177260e-03 4.040313e-03 3.890526e-03 3.729679e-03 3.559626e-03 3.382261e-03 3.199481e-03 3.013158e-03 2.825102e-03 2.637036e-03 2.450573e-03 2.267197e-03 2.088241e-03 1.914881e-03 1.748126e-03 1.588815e-03 1.437620e-03 1.295044e-03 1.161434e-03 1.036990e-03 9.217735e-04 8.157251e-04 7.186761e-04 6.303654e-04 5.504544e-04 4.785420e-04 4.141796e-04 3.568840e-04 3.061507e-04 2.614648e-04 2.223110e-04 1.881822e-04 1.585864e-04 1.330525e-04 1.111348e-04 9.241595e-05 7.650918e-05 6.305941e-05 5.174354e-05 4.226999e-05 3.437779e-05 2.783515e-05 2.243773e-05 1.800670e-05 1.438663e-05 1.144337e-05 9.061887e-06 7.144191e-06 5.607345e-06 4.381586e-06 3.408593e-06 2.639908e-06 2.035505e-06 1.562520e-06 0.000000e+00 0.000000e+00 0.000000e+00 0.000000e+00 0.000000e+00 0.000000e+00 0.000000e+00 0.000000e+00 0.000000e+00
3.285949e-03 3.427659e-03 3.559626e-03 3.680280e-03 3.788149e-03 3.881890e-03 3.960309e-03 4.022396e-03 4.067338e-03 4.094544e-03 4.103654e-03 4.094544e-03 4.067338e-03 4.022396e-03 3.960309e-03 3.881890e-03 3.788149e-03 3.680280e-03 3.559626e-03 3.427659e-03 3.285949e-03 3.136127e-03 2.979864e-03 2.818831e-03 2.654675e-03 2.488992e-03 2.323300e-03 2.159022e-03 1.997462e-03 1.839797e-03 1.687062e-03 1.540147e-03 1.399790e-03 1.266582e-03 1.140969e-03 1.023255e-03 9.136163e-04 8.121077e-04 7.186761e-04 6.331732e-04 5.553691e-04 4.849653e-04 4.216086e-04 3.649035e-04 3.144245e-04 2.697271e-04 2.303576e-04 1.958621e-04 1.657937e-04 1.397189e-04 1.172229e-04 9.791281e-05 8.142098e-05 6.740668e-05 5.555707e-05 4.558747e-05 3.724101e-05 3.028777e-05 2.452353e-05 1.976825e-05 1.586440e-05 1.267502e-05 1.008192e-05 7.983770e-06 6.294228e-06 4.940224e-06 3.860297e-06 3.003064e-06 2.325831e-06 1.793336e-06 1.376622e-06 0.000000e+00 0.000000e+00 0.000000e+00 0.000000e+00 0.000000e+00 0.000000e+00 0.000000e+00 0.000000e+00 0.000000e+00
2.882172e-03 3.006470e-03 3.122220e-03 3.228048e-03 3.322663e-03 3.404884e-03 3.473668e-03 3.528125e-03 3.567545e-03 3.591408e-03 3.599398e-03 3.591408e-03 3.567545e-03 3.528125e-03 3.473668e-03 3.404884e-03 3.322663e-03 3.228048e-03 3.122220e-03 3.006470e-03 2.882172e-03 2.750761e-03 2.613699e-03 2.472454e-03 2.328469e-03 2.183145e-03 2.037814e-03 1.893722e-03 1.752015e-03 1.613724e-03 1.479757e-03 1.350894e-03 1.227784e-03 1.110945e-03 1.000767e-03 8.975178e-04 8.013514e-04 7.123161e-04 6.303654e-04 5.553691e-04 4.871255e-04 4.253729e-04 3.698014e-04 3.200643e-04 2.757881e-04 2.365831e-04 2.020513e-04 1.717946e-04 1.454210e-04 1.225503e-04 1.028186e-04 8.588131e-05 7.141599e-05 5.912376e-05 4.873023e-05 3.998570e-05 3.266485e-05 2.656602e-05 2.151008e-05 1.733914e-05 1.391498e-05 1.111751e-05 8.843060e-06 7.002727e-06 5.520795e-06 4.333171e-06 3.385945e-06 2.634048e-06 2.040034e-06 1.572971e-06 1.207463e-06 0.000000e+00 0.000000e+00 0.000000e+00 0.000000e+00 0.000000e+00 0.000000e+00 0.000000e+00 0.000000e+00 0.000000e+00
2.516801e-03 2.625342e-03 2.726418e-03 2.818831e-03 2.901451e-03 2.973249e-03 3.033313e-03 3.080867e-03 3.115290e-03 3.136127e-03 3.143104e-03 3.136127e-03 3.115290e-03 3.080867e-03 3.033313e-03 2.973249e-03 2.901451e-03 2.818831e-03 2.726418e-03 2.625342e-03 2.516801e-03 2.402049e-03 2.282362e-03 2.159022e-03 2.033290e-03 1.906389e-03 1.779482e-03 1.653656e-03 1.529913e-03 1.409153e-03 1.292169e-03 1.179642e-03 1.072139e-03 9.701112e-04 8.739003e-04 7.837400e-04 6.997646e-04 6.220163e-04 5.504544e-04 4.849653e-04 4.253729e-04 3.714487e-04 3.229220e-04 2.794899e-04 2.408266e-04 2.065916e-04 1.764374e-04 1.500163e-04 1.269861e-04 1.070147e-04 8.978435e-05 7.499420e-05 6.236263e-05 5.162868e-05 4.255273e-05 3.491673e-05 2.852395e-05 2.319826e-05 1.878326e-05 1.514107e-05 1.215099e-05 9.708155e-06 7.722031e-06 6.114995e-06 4.820927e-06 3.783858e-06 2.956711e-06 2.300131e-06 1.781420e-06 1.373567e-06 1.054394e-06 0.000000e+00 0.000000e+00 0.000000e+00 0.000000e+00 0.000000e+00 0.000000e+00 0.000000e+00 0.000000e+00 0.000000e+00
2.188002e-03 2.282362e-03 2.370234e-03 2.450573e-03 2.522400e-03 2.584819e-03 2.637036e-03 2.678377e-03 2.708303e-03 2.726418e-03 2.732484e-03 2.726418e-03 2.708303e-03 2.678377e-03 2.637036e-03 2.584819e-03 2.522400e-03 2.450573e-03 2.370234e-03 2.282362e-03 2.188002e-03 2.088241e-03 1.984190e-03 1.876964e-03 1.767658e-03 1.657335e-03 1.547007e-03 1.437620e-03 1.330043e-03 1.225059e-03 1.123358e-03 1.025531e-03 9.320726e-04 8.433742e-04 7.597324e-04 6.813509e-04 6.083461e-04 5.407550e-04 4.785420e-04 4.216086e-04 3.698014e-04 3.229220e-04 2.807349e-04 2.429769e-04 2.093646e-04 1.796021e-04 1.533873e-04 1.304179e-04 1.103964e-04 9.303412e-05 7.805476e-05 6.519682e-05 5.421547e-05 4.488382e-05 3.699357e-05 3.035515e-05 2.479753e-05 2.016760e-05 1.632939e-05 1.316301e-05 1.056356e-05 8.439864e-06 6.713211e-06 5.316122e-06 4.191113e-06 3.289528e-06 2.570441e-06 1.999638e-06 1.548692e-06 1.194121e-06 9.166462e-07 0.000000e+00 0.000000e+00 0.000000e+00 0.000000e+00 0.000000e+00 0.000000e+00 0.000000e+00 0.000000e+00 0.000000e+00
1.893722e-03 1.975391e-03 2.051445e-03 2.120979e-03 2.183145e-03 2.237168e-03 2.282362e-03 2.318143e-03 2.344044e-03 2.359723e-03 2.364973e-03 2.359723e-03 2.344044e-03 2.318143e-03 2.282362e-03 2.237168e-03 2.183145e-03 2.120979e-03 2.051445e-03 1.975391e-03 1.893722e-03 1.807379e-03 1.717323e-03 1.624518e-03 1.529913e-03 1.434429e-03 1.338939e-03 1.244264e-03 1.151156e-03 1.060292e-03 9.722694e-04 8.876006e-04 8.067116e-04 7.299429e-04 6.575506e-04 5.897112e-04 5.265254e-04 4.680250e-04 4.141796e-04 3.649035e-04 3.200643e-04 2.794899e-04 2.429769e-04 2.102972e-04 1.812057e-04 1.554462e-04 1.327572e-04 1.128771e-04 9.554840e-05 8.052131e-05 6.755663e-05 5.642805e-05 4.692365e-05 3.884708e-05 3.201804e-05 2.627248e-05 2.146234e-05 1.745512e-05 1.413313e-05 1.139263e-05 9.142796e-06 7.304728e-06 5.810304e-06 4.601119e-06 3.627421e-06 2.847096e-06 2.224724e-06 1.730693e-06 1.340398e-06 1.033516e-06 7.933600e-07 0.000000e+00 0.000000e+00 0.000000e+00 0.000000e+00 0.000000e+00 0.000000e+00 0.000000e+00 0.000000e+00 0.000000e+00
1.631754e-03 1.702125e-03 1.767658e-03 1.827573e-03 1.881139e-03 1.927689e-03 1.966631e-03 1.997462e-03 2.019780e-03 2.033290e-03 2.037814e-03 2.033290e-03 2.019780e-03 1.997462e-03 1.966631e-03 1.927689e-03 1.881139e-03 1.827573e-03 1.767658e-03 1.702125e-03 1.631754e-03 1.557355e-03 1.479757e-03 1.399790e-03 1.318272e-03 1.235997e-03 1.153717e-03 1.072139e-03 9.919106e-04 9.136163e-04 8.377703e-04 7.648142e-04 6.951151e-04 6.289661e-04 5.665883e-04 5.081334e-04 4.536884e-04 4.032807e-04 3.568840e-04 3.144245e-04 2.757881e-04 2.408266e-04 2.093646e-04 1.812057e-04 1.561386e-04 1.339425e-04 1.143922e-04 9.726223e-05 8.233070e-05 6.938238e-05 5.821118e-05 4.862206e-05 4.043246e-05 3.347316e-05 2.758882e-05 2.263807e-05 1.849334e-05 1.504046e-05 1.217802e-05 9.816625e-06 7.878026e-06 6.294228e-06 5.006535e-06 3.964623e-06 3.125621e-06 2.453243e-06 1.916967e-06 1.491277e-06 1.154973e-06 8.905441e-07 6.836104e-07 0.000000e+00 0.000000e+00 0.000000e+00 0.000000e+00 0.000000e+00 0.000000e+00 0.000000e+00 0.000000e+00 0.000000e+00
1.399790e-03 1.460158e-03 1.516374e-03 1.567772e-03 1.613724e-03 1.653656e-03 1.687062e-03 1.713511e-03 1.732656e-03 1.744246e-03 1.748126e-03 1.744246e-03 1.732656e-03 1.713511e-03 1.687062e-03 1.653656e-03 1.613724e-03 1.567772e-03 1.516374e-03 1.460158e-03 1.399790e-03 1.335967e-03 1.269400e-03 1.200801e-03 1.130872e-03 1.060292e-03 9.897087e-04 9.197274e-04 8.509043e-04 7.837400e-04 7.186761e-04 6.560911e-04 5.963001e-04 5.395546e-04 4.860442e-04 4.358991e-04 3.891938e-04 3.459518e-04 3.061507e-04 2.697271e-04 2.365831e-04 2.065916e-04 1.796021e-04 1.554462e-04 1.339425e-04 1.149017e-04 9.813064e-05 8.343579e-05 7.062688e-05 5.951924e-05 4.993609e-05 4.171013e-05 3.468473e-05 2.871474e-05 2.366690e-05 1.941993e-05 1.586440e-05 1.290237e-05 1.044684e-05 8.421131e-06 6.758115e-06 5.399464e-06 4.294825e-06 3.401027e-06 2.681294e-06 2.104499e-06 1.644458e-06 1.279283e-06 9.907867e-07 7.639477e-07 5.864309e-07 0.000000e+00 0.000000e+00 0.000000e+00 0.000000e+00 0.000000e+00 0.000000e+00 0.000000e+00 0.000000e+00 0.000000e+00
1.195476e-03 1.247032e-03 1.295044e-03 1.338939e-03 1.378184e-03 1.412288e-03 1.440818e-03 1.463406e-03 1.479757e-03 1.489655e-03 1.492969e-03 1.489655e-03 1.479757e-03 1.463406e-03 1.440818e-03 1.412288e-03 1.378184e-03 1.338939e-03 1.295044e-03 1.247032e-03 1.195476e-03 1.140969e-03 1.084118e-03 1.025531e-03 9.658092e-04 9.055313e-04 8.452504e-04 7.854836e-04 7.267059e-04 6.693450e-04 6.137778e-04 5.603277e-04 5.092638e-04 4.608010e-04 4.151010e-04 3.722750e-04 3.323869e-04 2.954566e-04 2.614648e-04 2.303576e-04 2.020513e-04 1.764374e-04 1.533873e-04 1.327572e-04 1.143922e-04 9.813064e-05 8.380744e-05 7.125747e-05 6.031814e-05 5.083178e-05 4.264740e-05 3.562210e-05 2.962213e-05 2.452353e-05 2.021247e-05 1.658538e-05 1.354882e-05 1.101913e-05 8.922015e-06 7.191978e-06 5.771697e-06 4.611356e-06 3.667950e-06 2.904611e-06 2.289931e-06 1.797325e-06 1.404432e-06 1.092558e-06 8.461711e-07 6.524415e-07 5.008352e-07 0.000000e+00 0.000000e+00 0.000000e+00 0.000000e+00 0.000000e+00 0.000000e+00 0.000000e+00 0.000000e+00 0.000000e+00
1.016456e-03 1.060292e-03 1.101114e-03 1.138436e-03 1.171804e-03 1.200801e-03 1.225059e-03 1.244264e-03 1.258166e-03 1.266582e-03 1.269400e-03 1.266582e-03 1.258166e-03 1.244264e-03 1.225059e-03 1.200801e-03 1.171804e-03 1.138436e-03 1.101114e-03 1.060292e-03 1.016456e-03 9.701112e-04 9.217735e-04 8.719604e-04 8.211814e-04 7.699300e-04 7.186761e-04 6.678592e-04 6.178833e-04 5.691121e-04 5.218659e-04 4.764199e-04 4.330027e-04 3.917971e-04 3.529406e-04 3.165277e-04 2.826127e-04 2.512126e-04 2.223110e-04 1.958621e-04 1.717946e-04 1.500163e-04 1.304179e-04 1.128771e-04 9.726223e-05 8.343579e-05 7.125747e-05 6.058682e-05 5.128563e-05 4.321984e-05 3.626104e-05 3.028777e-05 2.518629e-05 2.085118e-05 1.718570e-05 1.410176e-05 1.151992e-05 9.369041e-06 7.585963e-06 6.114995e-06 4.907399e-06 3.920815e-06 3.118683e-06 2.469652e-06 1.947019e-06 1.528180e-06 1.194121e-06 9.289500e-07 7.194589e-07 5.547399e-07 4.258362e-07 0.000000e+00 0.000000e+00 0.000000e+00 0.000000e+00 0.000000e+00 0.000000e+00 0.000000e+00 0.000000e+00 0.000000e+00
